0 0.1 1 0
0.0333333 0.106586 1 -2.59259e-006
0.0688619 0.10934 1 -1.73808e-005
0.105309 0.110461 0.999998 -4.55781e-005
0.142129 0.110913 0.999996 -8.75165e-005
0.1791 0.111095 0.999992 -0.000143252
0.216132 0.111167 0.999985 -0.000212775
0.253187 0.111196 0.999976 -0.000296066
0.290253 0.111208 0.999963 -0.000393114
0.327322 0.111213 0.999946 -0.00050391
0.364393 0.111215 0.999925 -0.00062845
0.401465 0.111216 0.9999 -0.000766731
0.438536 0.111216 0.999868 -0.00091875
0.475608 0.111216 0.999831 -0.00108451
0.512681 0.111216 0.999788 -0.001264
0.549753 0.111217 0.999737 -0.00145722
0.586825 0.111217 0.999679 -0.00166417
0.623897 0.111217 0.999614 -0.00188485
0.66097 0.111217 0.999539 -0.00211925
0.698042 0.111217 0.999456 -0.00236737
0.735114 0.111218 0.999364 -0.00262921
0.772187 0.111218 0.999261 -0.00290475
0.80926 0.111218 0.999148 -0.003194
0.846332 0.111218 0.999024 -0.00349694
0.883405 0.111219 0.998889 -0.00381358
0.920478 0.111219 0.998741 -0.00414389
0.957551 0.111219 0.998581 -0.00448789
0.994624 0.11122 0.998408 -0.00484555
1.0317 0.11122 0.998222 -0.00521687
1.06877 0.11122 0.998021 -0.00560184
1.10584 0.111221 0.997806 -0.00600044
1.14292 0.111221 0.997576 -0.00641267
1.17999 0.111221 0.99733 -0.00683851
1.21707 0.111222 0.997069 -0.00727796
1.25414 0.111222 0.99679 -0.00773098
1.29121 0.111223 0.996495 -0.00819758
1.32829 0.111223 0.996182 -0.00867773
1.36536 0.111224 0.995851 -0.00917142
1.40244 0.111224 0.995502 -0.00967862
1.43951 0.111224 0.995133 -0.0101993
1.47659 0.111225 0.994745 -0.0107335
1.51366 0.111225 0.994337 -0.0112812
1.55074 0.111226 0.993909 -0.0118422
1.58781 0.111226 0.993459 -0.0124167
1.62489 0.111227 0.992988 -0.0130046
1.66196 0.111228 0.992494 -0.0136059
1.69904 0.111228 0.991979 -0.0142205
1.73611 0.111229 0.99144 -0.0148484
1.77319 0.111229 0.990877 -0.0154895
1.81027 0.11123 0.990291 -0.016144
1.84734 0.111231 0.98968 -0.0168116
1.88442 0.111231 0.989044 -0.0174924
1.9215 0.111232 0.988383 -0.0181864
1.95857 0.111232 0.987695 -0.0188935
1.99565 0.111233 0.986981 -0.0196137
2.03273 0.111234 0.986241 -0.0203469
2.06981 0.111234 0.985472 -0.0210931
2.10689 0.111235 0.984676 -0.0218522
2.14396 0.111236 0.983852 -0.0226243
2.18104 0.111237 0.982998 -0.0234092
2.21812 0.111237 0.982115 -0.024207
2.2552 0.111238 0.981203 -0.0250175
2.29228 0.111239 0.98026 -0.0258407
2.32936 0.11124 0.979286 -0.0266767
2.36644 0.111241 0.978281 -0.0275252
2.40352 0.111241 0.977245 -0.0283863
2.4406 0.111242 0.976176 -0.0292599
2.47768 0.111243 0.975075 -0.030146
2.51476 0.111244 0.97394 -0.0310444
2.55184 0.111245 0.972772 -0.0319552
2.58893 0.111246 0.97157 -0.0328783
2.62601 0.111247 0.970333 -0.0338135
2.66309 0.111248 0.969062 -0.0347609
2.70017 0.111249 0.967755 -0.0357204
2.73726 0.111249 0.966413 -0.0366918
2.77434 0.11125 0.965034 -0.0376752
2.81142 0.111251 0.963618 -0.0386704
2.84851 0.111252 0.962165 -0.0396774
2.88559 0.111253 0.960675 -0.0406961
2.92267 0.111254 0.959147 -0.0417264
2.95976 0.111256 0.95758 -0.0427682
2.99684 0.111257 0.955975 -0.0438215
3.03393 0.111258 0.95433 -0.0448861
3.07102 0.111259 0.952645 -0.045962
3.1081 0.11126 0.95092 -0.047049
3.14519 0.111261 0.949155 -0.0481472
3.18228 0.111262 0.947349 -0.0492563
3.21936 0.111263 0.945501 -0.0503764
3.25645 0.111265 0.943612 -0.0515072
3.29354 0.111266 0.941681 -0.0526487
3.33063 0.111267 0.939707 -0.0538008
3.36772 0.111268 0.93769 -0.0549634
3.40481 0.111269 0.935629 -0.0561363
3.4419 0.111271 0.933525 -0.0573196
3.47899 0.111272 0.931377 -0.0585129
3.51608 0.111273 0.929184 -0.0597163
3.55317 0.111275 0.926947 -0.0609297
3.59026 0.111276 0.924664 -0.0621528
3.62735 0.111277 0.922336 -0.0633856
3.66444 0.111279 0.919962 -0.0646279
3.70154 0.11128 0.917542 -0.0658797
3.73863 0.111282 0.915074 -0.0671407
3.77572 0.111283 0.91256 -0.068411
3.81282 0.111284 0.909999 -0.0696902
3.84991 0.111286 0.90739 -0.0709784
3.88701 0.111287 0.904733 -0.0722753
3.9241 0.111289 0.902028 -0.0735808
3.9612 0.111291 0.899274 -0.0748947
3.9983 0.111292 0.896471 -0.076217
4.03539 0.111294 0.893619 -0.0775475
4.07249 0.111295 0.890717 -0.078886
4.10959 0.111297 0.887765 -0.0802323
4.14669 0.111299 0.884764 -0.0815864
4.18379 0.1113 0.881712 -0.082948
4.22089 0.111302 0.878609 -0.084317
4.25799 0.111304 0.875455 -0.0856933
4.29509 0.111306 0.87225 -0.0870766
4.33219 0.111307 0.868994 -0.0884667
4.3693 0.111309 0.865685 -0.0898637
4.4064 0.111311 0.862325 -0.0912671
4.4435 0.111313 0.858913 -0.0926769
4.48061 0.111315 0.855448 -0.094093
4.51771 0.111317 0.85193 -0.095515
4.55482 0.111319 0.848359 -0.0969428
4.59192 0.111321 0.844735 -0.0983763
4.62903 0.111323 0.841058 -0.0998153
4.66614 0.111325 0.837328 -0.101259
4.70325 0.111327 0.833543 -0.102709
4.74035 0.111329 0.829705 -0.104163
4.77746 0.111331 0.825812 -0.105622
4.81457 0.111333 0.821865 -0.107085
4.85169 0.111335 0.817864 -0.108552
4.8888 0.111338 0.813808 -0.110024
4.92591 0.11134 0.809698 -0.111499
4.96302 0.111342 0.805532 -0.112979
5.00014 0.111344 0.801311 -0.114461
5.03725 0.111347 0.797036 -0.115947
5.07437 0.111349 0.792704 -0.117435
5.11148 0.111352 0.788318 -0.118927
5.1486 0.111354 0.783876 -0.120421
5.18572 0.111357 0.779378 -0.121917
5.22284 0.111359 0.774825 -0.123415
5.25996 0.111362 0.770216 -0.124915
5.29708 0.111365 0.765551 -0.126417
5.3342 0.111367 0.760831 -0.12792
5.37132 0.11137 0.756054 -0.129425
5.40845 0.111373 0.751221 -0.13093
5.44557 0.111376 0.746333 -0.132436
5.4827 0.111379 0.741388 -0.133942
5.51982 0.111382 0.736387 -0.135448
5.55695 0.111385 0.73133 -0.136955
5.59408 0.111388 0.726218 -0.138461
5.63121 0.111391 0.721049 -0.139966
5.66834 0.111394 0.715824 -0.141471
5.70547 0.111397 0.710543 -0.142974
5.7426 0.111401 0.705206 -0.144476
5.77973 0.111404 0.699813 -0.145976
5.81687 0.111407 0.694364 -0.147475
5.854 0.111411 0.68886 -0.148971
5.89114 0.111414 0.6833 -0.150465
5.92828 0.111418 0.677684 -0.151956
5.96542 0.111422 0.672013 -0.153444
6.00256 0.111426 0.666286 -0.154928
6.0397 0.111429 0.660505 -0.156409
6.07684 0.111433 0.654668 -0.157887
6.11399 0.111437 0.648776 -0.15936
6.15114 0.111441 0.642829 -0.160829
6.18828 0.111446 0.636827 -0.162293
6.22543 0.11145 0.630771 -0.163752
6.26258 0.111454 0.624661 -0.165206
6.29973 0.111459 0.618496 -0.166654
6.33689 0.111463 0.612278 -0.168096
6.37404 0.111468 0.606005 -0.169532
6.4112 0.111473 0.59968 -0.170962
6.44835 0.111478 0.593301 -0.172385
6.48551 0.111483 0.586868 -0.173801
6.52267 0.111488 0.580384 -0.175209
6.55984 0.111493 0.573846 -0.17661
6.597 0.111499 0.567257 -0.178003
6.63417 0.111504 0.560615 -0.179387
6.67134 0.11151 0.553922 -0.180763
6.70851 0.111516 0.547178 -0.18213
6.74568 0.111522 0.540382 -0.183488
6.78285 0.111528 0.533536 -0.184836
6.82003 0.111534 0.52664 -0.186175
6.85721 0.111541 0.519694 -0.187503
6.89439 0.111548 0.512698 -0.188821
6.93157 0.111554 0.505652 -0.190128
6.96875 0.111562 0.498558 -0.191423
7.00594 0.111569 0.491416 -0.192708
7.04313 0.111576 0.484225 -0.19398
7.08032 0.111584 0.476987 -0.195241
7.11752 0.111592 0.469702 -0.196489
7.15471 0.111601 0.46237 -0.197724
7.19191 0.111609 0.454992 -0.198947
7.22912 0.111618 0.447568 -0.200155
7.26632 0.111627 0.440099 -0.201351
7.30353 0.111637 0.432585 -0.202532
7.34074 0.111647 0.425026 -0.203699
7.37796 0.111657 0.417424 -0.204851
7.41518 0.111667 0.409779 -0.205988
7.4524 0.111678 0.40209 -0.20711
7.48963 0.11169 0.39436 -0.208216
7.52686 0.111702 0.386587 -0.209306
7.56409 0.111714 0.378774 -0.210379
7.60133 0.111727 0.37092 -0.211437
7.63857 0.111741 0.363026 -0.212477
7.67582 0.111755 0.355093 -0.213499
7.71307 0.111769 0.347121 -0.214504
7.75033 0.111785 0.339111 -0.215492
7.78759 0.111801 0.331064 -0.21646
7.82486 0.111818 0.322979 -0.21741
7.86213 0.111836 0.314858 -0.218342
7.89941 0.111854 0.306702 -0.219254
7.93669 0.111874 0.29851 -0.220146
7.97398 0.111895 0.290284 -0.221018
8.01128 0.111917 0.282025 -0.22187
8.04859 0.11194 0.273732 -0.222701
8.0859 0.111965 0.265407 -0.223512
8.12322 0.111992 0.25705 -0.224301
8.16055 0.11202 0.248663 -0.225069
8.19789 0.11205 0.240245 -0.225814
8.23524 0.112082 0.231797 -0.226538
8.2726 0.112117 0.22332 -0.227239
8.30998 0.112154 0.214815 -0.227917
8.34736 0.112194 0.206282 -0.228572
8.38476 0.112237 0.197722 -0.229203
8.42217 0.112285 0.189136 -0.22981
8.4596 0.112336 0.180523 -0.230393
8.49704 0.112393 0.171885 -0.230952
8.53451 0.112456 0.163223 -0.231486
8.57199 0.112525 0.154536 -0.231995
8.6095 0.112602 0.145825 -0.232478
8.64704 0.112688 0.137091 -0.232936
8.6846 0.112785 0.128333 -0.233367
8.72219 0.112896 0.119551 -0.233772
8.75983 0.113024 0.110747 -0.234151
8.7975 0.113172 0.101919 -0.234502
8.83522 0.113346 0.0930661 -0.234826
8.87301 0.113554 0.0841882 -0.235122
8.91086 0.113808 0.0752833 -0.23539
8.94879 0.114122 0.0663489 -0.23563
8.98683 0.114525 0.0573813 -0.235841
9.02501 0.115059 0.0483745 -0.236022
9.06336 0.115803 0.0393193 -0.236174
9.10196 0.116916 0.0302003 -0.236296
9.14094 0.118776 0.0209896 -0.236387
9.18053 0.122593 0.0116293 -0.236446
9.22139 0.136115 0.00196644 -0.236471
9.26676 0.156816 -0.00876247 -0.236457
9.31904 0.145999 -0.021121 -0.236385
9.3677 0.135 -0.0326221 -0.236263
9.4127 0.127707 -0.0432505 -0.236102
9.45527 0.123234 -0.0532972 -0.235909
9.49635 0.12048 -0.0629834 -0.235683
9.53651 0.118721 -0.0724433 -0.235424
9.57608 0.11754 -0.0817542 -0.235133
9.61526 0.116702 -0.0909605 -0.234808
9.65416 0.116077 -0.100088 -0.234451
9.69286 0.115591 -0.109152 -0.23406
9.73139 0.115199 -0.118162 -0.233635
9.76978 0.114875 -0.127125 -0.233176
9.80808 0.114601 -0.136044 -0.232683
9.84628 0.114366 -0.144923 -0.232156
9.8844 0.114162 -0.153762 -0.231595
9.92245 0.113982 -0.162564 -0.230999
9.96045 0.113823 -0.171329 -0.230369
9.99839 0.113681 -0.180057 -0.229705
10.0363 0.113553 -0.188748 -0.229005
10.0741 0.113438 -0.197403 -0.228271
10.1119 0.113332 -0.20602 -0.227502
10.1497 0.113236 -0.214599 -0.226698
10.1875 0.113148 -0.22314 -0.225858
10.2252 0.113066 -0.231642 -0.224984
10.2629 0.112991 -0.240104 -0.224074
10.3005 0.112921 -0.248526 -0.223129
10.3382 0.112855 -0.256906 -0.222148
10.3758 0.112794 -0.265244 -0.221132
10.4134 0.112737 -0.273539 -0.22008
10.451 0.112684 -0.281789 -0.218992
10.4885 0.112634 -0.289993 -0.217869
10.5261 0.112586 -0.298152 -0.216709
10.5636 0.112541 -0.306262 -0.215514
10.6011 0.112499 -0.314324 -0.214284
10.6386 0.112458 -0.322336 -0.213017
10.6761 0.11242 -0.330297 -0.211714
10.7136 0.112384 -0.338205 -0.210376
10.751 0.112349 -0.346061 -0.209001
10.7885 0.112316 -0.353861 -0.207591
10.8259 0.112284 -0.361606 -0.206145
10.8634 0.112254 -0.369294 -0.204663
10.9008 0.112225 -0.376924 -0.203145
10.9382 0.112197 -0.384494 -0.201591
10.9756 0.11217 -0.392004 -0.200001
11.013 0.112144 -0.399452 -0.198376
11.0504 0.112119 -0.406836 -0.196714
11.0877 0.112095 -0.414156 -0.195017
11.1251 0.112072 -0.421411 -0.193285
11.1624 0.11205 -0.428599 -0.191517
11.1998 0.112028 -0.435718 -0.189714
11.2371 0.112007 -0.442769 -0.187875
11.2745 0.111987 -0.449748 -0.186001
11.3118 0.111967 -0.456656 -0.184092
11.3491 0.111948 -0.46349 -0.182148
11.3864 0.11193 -0.470251 -0.180169
11.4238 0.111912 -0.476935 -0.178155
11.4611 0.111894 -0.483543 -0.176107
11.4984 0.111877 -0.490073 -0.174024
11.5356 0.11186 -0.496523 -0.171907
11.5729 0.111844 -0.502893 -0.169756
11.6102 0.111828 -0.509181 -0.16757
11.6475 0.111813 -0.515386 -0.165351
11.6848 0.111798 -0.521507 -0.163099
11.722 0.111783 -0.527542 -0.160813
11.7593 0.111768 -0.533491 -0.158494
11.7965 0.111754 -0.539352 -0.156142
11.8338 0.11174 -0.545125 -0.153757
11.871 0.111727 -0.550807 -0.151339
11.9083 0.111713 -0.556397 -0.14889
11.9455 0.1117 -0.561895 -0.146408
11.9828 0.111687 -0.5673 -0.143895
12.02 0.111675 -0.57261 -0.14135
12.0572 0.111662 -0.577824 -0.138774
12.0944 0.11165 -0.582941 -0.136167
12.1316 0.111638 -0.587959 -0.13353
12.1689 0.111626 -0.592879 -0.130862
12.2061 0.111615 -0.597698 -0.128165
12.2433 0.111603 -0.602416 -0.125437
12.2805 0.111592 -0.607031 -0.122681
12.3177 0.11158 -0.611542 -0.119895
12.3549 0.111569 -0.615949 -0.117081
12.3921 0.111559 -0.620251 -0.114239
12.4292 0.111548 -0.624446 -0.111369
12.4664 0.111537 -0.628533 -0.108471
12.5036 0.111527 -0.632511 -0.105546
12.5408 0.111516 -0.63638 -0.102595
12.578 0.111506 -0.640139 -0.0996171
12.6151 0.111496 -0.643786 -0.0966135
12.6523 0.111485 -0.64732 -0.0935844
12.6894 0.111475 -0.650741 -0.0905304
12.7266 0.111465 -0.654048 -0.0874518
12.7638 0.111456 -0.65724 -0.084349
12.8009 0.111446 -0.660315 -0.0812227
12.8381 0.111436 -0.663274 -0.0780731
12.8752 0.111426 -0.666115 -0.0749009
12.9123 0.111417 -0.668838 -0.0717064
12.9495 0.111407 -0.671442 -0.0684902
12.9866 0.111398 -0.673925 -0.0652528
13.0238 0.111388 -0.676287 -0.0619948
13.0609 0.111379 -0.678528 -0.0587165
13.098 0.111369 -0.680647 -0.0554186
13.1351 0.11136 -0.682643 -0.0521017
13.1723 0.111351 -0.684515 -0.0487661
13.2094 0.111342 -0.686263 -0.0454126
13.2465 0.111332 -0.687886 -0.0420416
13.2836 0.111323 -0.689383 -0.0386538
13.3207 0.111314 -0.690754 -0.0352497
13.3578 0.111305 -0.691999 -0.0318299
13.3949 0.111295 -0.693116 -0.028395
13.432 0.111286 -0.694106 -0.0249457
13.4691 0.111277 -0.694967 -0.0214824
13.5062 0.111268 -0.695699 -0.0180059
13.5433 0.111259 -0.696302 -0.0145168
13.5804 0.11125 -0.696776 -0.0110157
13.6175 0.11124 -0.697119 -0.00750323
13.6545 0.111231 -0.697332 -0.00398007
13.6916 0.111222 -0.697414 -0.000446865
13.7287 0.11122 -0.697365 0.00309572
13.7658 0.111222 -0.697185 0.00664724
13.8028 0.111226 -0.696872 0.0102072
13.8399 0.11123 -0.696428 0.0137748
13.877 0.111235 -0.695851 0.0173496
13.9141 0.111239 -0.695141 0.0209308
13.9511 0.111244 -0.694298 0.0245176
13.9882 0.111249 -0.693323 0.0281095
14.0253 0.111254 -0.692213 0.0317057
14.0624 0.111259 -0.690971 0.0353054
14.0995 0.111264 -0.689595 0.038908
14.1366 0.111269 -0.688085 0.0425126
14.1737 0.111274 -0.686441 0.0461187
14.2107 0.111279 -0.684664 0.0497253
14.2478 0.111284 -0.682752 0.0533318
14.2849 0.111289 -0.680707 0.0569375
14.322 0.111294 -0.678528 0.0605414
14.3591 0.111299 -0.676215 0.064143
14.3962 0.111304 -0.673769 0.0677413
14.4333 0.11131 -0.671189 0.0713357
14.4704 0.111315 -0.668475 0.0749253
14.5075 0.111321 -0.665629 0.0785094
14.5446 0.111326 -0.662649 0.0820872
14.5818 0.111331 -0.659537 0.0856578
14.6189 0.111337 -0.656292 0.0892205
14.656 0.111343 -0.652914 0.0927744
14.6931 0.111348 -0.649405 0.0963188
14.7302 0.111354 -0.645765 0.0998529
14.7673 0.11136 -0.641993 0.103376
14.8044 0.111366 -0.63809 0.106887
14.8416 0.111372 -0.634058 0.110385
14.8787 0.111378 -0.629895 0.113869
14.9158 0.111385 -0.625603 0.117339
14.9529 0.111391 -0.621182 0.120794
14.9901 0.111397 -0.616633 0.124232
15.0272 0.111404 -0.611956 0.127654
15.0643 0.11141 -0.607153 0.131058
15.1015 0.111417 -0.602223 0.134443
15.1386 0.111424 -0.597167 0.137809
15.1758 0.111431 -0.591987 0.141154
15.2129 0.111438 -0.586682 0.144478
15.2501 0.111446 -0.581254 0.14778
15.2872 0.111453 -0.575703 0.15106
15.3244 0.111461 -0.57003 0.154315
15.3615 0.111468 -0.564237 0.157547
15.3987 0.111476 -0.558323 0.160752
15.4358 0.111485 -0.552291 0.163932
15.473 0.111493 -0.54614 0.167084
15.5101 0.111501 -0.539872 0.170209
15.5473 0.11151 -0.533488 0.173305
15.5845 0.111519 -0.52699 0.176371
15.6217 0.111528 -0.520377 0.179407
15.6588 0.111538 -0.513651 0.182411
15.696 0.111547 -0.506814 0.185384
15.7332 0.111557 -0.499866 0.188323
15.7704 0.111568 -0.492809 0.191229
15.8076 0.111578 -0.485644 0.1941
15.8448 0.111589 -0.478372 0.196936
15.882 0.1116 -0.470994 0.199735
15.9192 0.111612 -0.463513 0.202497
15.9564 0.111624 -0.455928 0.205222
15.9936 0.111636 -0.448242 0.207908
16.0308 0.111649 -0.440456 0.210554
16.068 0.111662 -0.432571 0.21316
16.1052 0.111676 -0.42459 0.215725
16.1424 0.111691 -0.416512 0.218248
16.1797 0.111705 -0.40834 0.220728
16.2169 0.111721 -0.400076 0.223164
16.2542 0.111737 -0.391721 0.225557
16.2914 0.111754 -0.383276 0.227904
16.3286 0.111772 -0.374743 0.230206
16.3659 0.11179 -0.366124 0.232461
16.4032 0.111809 -0.35742 0.234668
16.4404 0.11183 -0.348634 0.236828
16.4777 0.111851 -0.339766 0.238939
16.515 0.111874 -0.330819 0.241
16.5523 0.111897 -0.321794 0.243011
16.5896 0.111922 -0.312694 0.244971
16.6269 0.111949 -0.303519 0.246879
16.6642 0.111977 -0.294271 0.248734
16.7015 0.112007 -0.284953 0.250537
16.7389 0.112039 -0.275566 0.252285
16.7762 0.112073 -0.266113 0.25398
16.8136 0.112109 -0.256594 0.255619
16.8509 0.112149 -0.247012 0.257202
16.8883 0.112191 -0.237368 0.258728
16.9257 0.112237 -0.227665 0.260198
16.9631 0.112287 -0.217904 0.261609
17.0006 0.112341 -0.208086 0.262962
17.038 0.1124 -0.198215 0.264256
17.0755 0.112466 -0.188291 0.265491
17.113 0.112538 -0.178315 0.266665
17.1505 0.112619 -0.168291 0.267778
17.188 0.112709 -0.158219 0.26883
17.2256 0.112811 -0.1481 0.269819
17.2632 0.112927 -0.137936 0.270746
17.3008 0.113061 -0.127728 0.27161
17.3385 0.113216 -0.117477 0.27241
17.3763 0.113399 -0.107182 0.273145
17.4141 0.113618 -0.0968447 0.273816
17.4519 0.113885 -0.0864629 0.274421
17.4899 0.114218 -0.0760349 0.274959
17.528 0.114646 -0.0655573 0.275431
17.5662 0.115217 -0.0550236 0.275835
17.6046 0.11602 -0.0444233 0.276171
17.6433 0.117239 -0.0337375 0.276437
17.6823 0.119326 -0.0229303 0.276632
17.7221 0.123837 -0.0119245 0.276755
17.7634 0.14358 -0.000499123 0.276801
17.8113 0.153737 0.0127477 0.276748
17.8625 0.142816 0.0269258 0.276567
17.9101 0.132956 0.0400855 0.276282
17.9544 0.126496 0.0523221 0.275915
17.9966 0.122508 0.0639472 0.275475
18.0374 0.120022 0.0751863 0.274963
18.0774 0.118412 0.0861754 0.274381
18.1169 0.117315 0.0969928 0.273727
18.156 0.116526 0.107683 0.273001
18.1949 0.115932 0.118272 0.272204
18.2335 0.115465 0.128774 0.271335
18.272 0.115087 0.1392 0.270395
18.3103 0.114772 0.149553 0.269382
18.3486 0.114505 0.159839 0.268298
18.3868 0.114275 0.170057 0.267142
18.4249 0.114075 0.18021 0.265915
18.4629 0.113898 0.190297 0.264616
18.5009 0.113741 0.200318 0.263247
18.5388 0.1136 0.210271 0.261806
18.5766 0.113473 0.220157 0.260294
18.6145 0.113358 0.229972 0.258712
18.6522 0.113253 0.239717 0.257059
18.69 0.113157 0.249389 0.255337
18.7277 0.113068 0.258986 0.253544
18.7654 0.112986 0.268507 0.251681
18.8031 0.11291 0.27795 0.249749
18.8407 0.11284 0.287312 0.247748
18.8783 0.112773 0.296592 0.245678
18.9159 0.112712 0.305788 0.24354
18.9535 0.112654 0.314896 0.241333
18.991 0.112599 0.323916 0.239059
19.0286 0.112547 0.332845 0.236717
19.0661 0.112498 0.341681 0.234308
19.1036 0.112452 0.350421 0.231833
19.1411 0.112408 0.359063 0.229291
19.1785 0.112366 0.367606 0.226684
19.216 0.112327 0.376047 0.224012
19.2534 0.112289 0.384383 0.221275
19.2909 0.112252 0.392613 0.218474
19.3283 0.112217 0.400735 0.215609
19.3657 0.112184 0.408745 0.212682
19.4031 0.112152 0.416643 0.209692
19.4405 0.112121 0.424425 0.20664
19.4778 0.112091 0.43209 0.203527
19.5152 0.112062 0.439635 0.200353
19.5526 0.112034 0.447059 0.19712
19.5899 0.112008 0.454359 0.193827
19.6272 0.111982 0.461533 0.190476
19.6646 0.111956 0.46858 0.187068
19.7019 0.111932 0.475496 0.183602
19.7392 0.111908 0.482281 0.18008
19.7765 0.111885 0.488932 0.176503
19.8138 0.111863 0.495447 0.172871
19.8511 0.111841 0.501824 0.169185
19.8884 0.111819 0.508062 0.165447
19.9256 0.111799 0.514158 0.161656
19.9629 0.111778 0.520111 0.157814
20.0002 0.111758 0.525919 0.153922
20.0374 0.111739 0.53158 0.149981
20.0747 0.11172 0.537092 0.145991
20.1119 0.111701 0.542453 0.141954
20.1491 0.111683 0.547663 0.137871
20.1864 0.111665 0.552719 0.133742
20.2236 0.111647 0.557619 0.129569
20.2608 0.11163 0.562363 0.125352
20.298 0.111612 0.566948 0.121093
20.3352 0.111596 0.571374 0.116793
20.3724 0.111579 0.575637 0.112453
20.4096 0.111563 0.579739 0.108074
20.4468 0.111546 0.583676 0.103657
20.484 0.11153 0.587447 0.0992029
20.5211 0.111515 0.591052 0.0947136
20.5583 0.111499 0.594488 0.0901899
20.5955 0.111484 0.597756 0.085633
20.6326 0.111468 0.600853 0.0810442
20.6698 0.111453 0.603778 0.0764246
20.707 0.111438 0.606531 0.0717756
20.7441 0.111423 0.609111 0.0670982
20.7812 0.111408 0.611516 0.062394
20.8184 0.111394 0.613745 0.057664
20.8555 0.111379 0.615798 0.0529096
20.8926 0.111365 0.617673 0.0481322
20.9298 0.11135 0.619371 0.0433331
20.9669 0.111336 0.62089 0.0385135
21.004 0.111321 0.62223 0.0336749
21.0411 0.111307 0.623389 0.0288186
21.0782 0.111293 0.624368 0.023946
21.1153 0.111279 0.625166 0.0190585
21.1524 0.111264 0.625782 0.0141575
21.1895 0.11125 0.626216 0.00924442
21.2266 0.111236 0.626467 0.00432064
21.2636 0.111223 0.626536 -0.000612393
21.3007 0.111223 0.626422 -0.0055533
21.3378 0.111227 0.626124 -0.0105012
21.3749 0.111233 0.625643 -0.0154547
21.4119 0.11124 0.624978 -0.0204127
21.449 0.111248 0.624129 -0.0253735
21.4861 0.111255 0.623096 -0.0303357
21.5232 0.111263 0.621879 -0.0352979
21.5603 0.11127 0.620478 -0.0402585
21.5974 0.111278 0.618893 -0.0452161
21.6345 0.111286 0.617124 -0.0501691
21.6715 0.111294 0.615171 -0.055116
21.7086 0.111301 0.613035 -0.0600553
21.7457 0.111309 0.610715 -0.0649854
21.7829 0.111317 0.608213 -0.0699048
21.82 0.111325 0.605528 -0.0748121
21.8571 0.111334 0.602661 -0.0797055
21.8942 0.111342 0.599612 -0.0845836
21.9313 0.11135 0.596383 -0.0894449
21.9684 0.111359 0.592973 -0.0942877
22.0055 0.111367 0.589383 -0.0991105
22.0426 0.111376 0.585615 -0.103912
22.0798 0.111385 0.581668 -0.10869
22.1169 0.111394 0.577544 -0.113443
22.154 0.111403 0.573244 -0.118171
22.1912 0.111412 0.568769 -0.12287
22.2283 0.111421 0.564119 -0.12754
22.2654 0.111431 0.559296 -0.13218
22.3026 0.111441 0.5543 -0.136786
22.3397 0.111451 0.549134 -0.141359
22.3769 0.111461 0.543798 -0.145896
22.414 0.111471 0.538294 -0.150396
22.4512 0.111482 0.532622 -0.154858
22.4884 0.111493 0.526786 -0.159279
22.5255 0.111504 0.520785 -0.163658
22.5627 0.111515 0.514621 -0.167994
22.5999 0.111527 0.508296 -0.172285
22.637 0.111538 0.501813 -0.176531
22.6742 0.111551 0.495171 -0.180728
22.7114 0.111563 0.488374 -0.184876
22.7486 0.111576 0.481422 -0.188973
22.7858 0.11159 0.474319 -0.193017
22.823 0.111603 0.467065 -0.197008
22.8602 0.111617 0.459662 -0.200944
22.8974 0.111632 0.452114 -0.204823
22.9346 0.111647 0.444421 -0.208644
22.9718 0.111663 0.436586 -0.212405
23.009 0.111679 0.428611 -0.216106
23.0463 0.111696 0.420498 -0.219744
23.0835 0.111714 0.41225 -0.223318
23.1207 0.111732 0.403868 -0.226827
23.158 0.111751 0.395356 -0.230269
23.1952 0.111771 0.386715 -0.233644
23.2325 0.111792 0.377949 -0.236949
23.2697 0.111813 0.369058 -0.240184
23.307 0.111836 0.360047 -0.243347
23.3443 0.11186 0.350918 -0.246437
23.3816 0.111885 0.341673 -0.249452
23.4189 0.111912 0.332314 -0.252392
23.4562 0.11194 0.322845 -0.255255
23.4935 0.11197 0.313269 -0.25804
23.5308 0.112002 0.303587 -0.260746
23.5681 0.112035 0.293803 -0.263371
23.6055 0.112071 0.28392 -0.265914
23.6429 0.11211 0.27394 -0.268375
23.6802 0.112151 0.263866 -0.270752
23.7176 0.112196 0.253701 -0.273043
23.755 0.112244 0.243448 -0.275249
23.7924 0.112296 0.23311 -0.277368
23.8298 0.112353 0.222689 -0.279398
23.8673 0.112415 0.212189 -0.281339
23.9048 0.112484 0.201611 -0.283191
23.9423 0.11256 0.19096 -0.284951
23.9798 0.112644 0.180237 -0.286619
24.0173 0.112739 0.169445 -0.288193
24.0549 0.112845 0.158587 -0.289674
24.0925 0.112967 0.147664 -0.29106
24.1302 0.113107 0.13668 -0.292351
24.1679 0.11327 0.125634 -0.293544
24.2056 0.113462 0.11453 -0.294641
24.2435 0.113692 0.103367 -0.295638
24.2814 0.113974 0.0921462 -0.296537
24.3194 0.114327 0.0808649 -0.297335
24.3575 0.114781 0.0695201 -0.298032
24.3957 0.115393 0.0581056 -0.298627
24.4342 0.11626 0.0466093 -0.299119
24.4729 0.117594 0.0350096 -0.299505
24.5121 0.119938 0.0232638 -0.299785
24.5521 0.12529 0.0112748 -0.299954
24.5939 0.163742 -0.00125379 -0.300006
24.6485 0.157719 -0.0176258 -0.299879
24.701 0.142348 -0.0333836 -0.299548
24.7485 0.131753 -0.0475863 -0.299073
24.7924 0.125427 -0.0607086 -0.298484
24.8342 0.121694 -0.0731738 -0.29779
24.8748 0.119419 -0.0852378 -0.296992
24.9146 0.117959 -0.0970424 -0.296089
24.9539 0.116965 -0.108665 -0.295081
24.9929 0.116246 -0.120148 -0.293967
25.0316 0.1157 -0.131516 -0.292748
25.0702 0.115268 -0.142781 -0.291424
25.1086 0.114914 -0.153951 -0.289994
25.1469 0.114619 -0.16503 -0.288459
25.1851 0.114366 -0.17602 -0.28682
25.2233 0.114148 -0.186922 -0.285077
25.2613 0.113956 -0.197734 -0.283231
25.2993 0.113787 -0.208456 -0.281281
25.3372 0.113635 -0.219086 -0.279229
25.3751 0.113499 -0.229622 -0.277075
25.4129 0.113376 -0.240062 -0.274819
25.4507 0.113264 -0.250404 -0.272463
25.4885 0.113162 -0.260645 -0.270006
25.5262 0.113067 -0.270782 -0.267451
25.5639 0.11298 -0.280812 -0.264796
25.6016 0.1129 -0.290733 -0.262044
25.6392 0.112824 -0.300541 -0.259194
25.6768 0.112754 -0.310234 -0.256248
25.7144 0.112689 -0.319808 -0.253207
25.7519 0.112627 -0.32926 -0.250071
25.7895 0.112569 -0.338588 -0.246841
25.827 0.112514 -0.347788 -0.243519
25.8645 0.112462 -0.356858 -0.240105
25.902 0.112413 -0.365793 -0.2366
25.9395 0.112366 -0.374592 -0.233005
25.9769 0.112322 -0.383251 -0.229322
26.0144 0.112279 -0.391766 -0.225552
26.0518 0.112239 -0.400136 -0.221695
26.0892 0.1122 -0.408357 -0.217753
26.1266 0.112162 -0.416426 -0.213728
26.164 0.112127 -0.42434 -0.20962
26.2014 0.112092 -0.432096 -0.205431
26.2387 0.112059 -0.439693 -0.201162
26.2761 0.112027 -0.447126 -0.196814
26.3134 0.111995 -0.454393 -0.192389
26.3508 0.111965 -0.461491 -0.187889
26.3881 0.111936 -0.468418 -0.183314
26.4254 0.111908 -0.475172 -0.178667
26.4627 0.11188 -0.481749 -0.173949
26.5 0.111854 -0.488147 -0.169161
26.5373 0.111828 -0.494363 -0.164305
26.5745 0.111802 -0.500397 -0.159383
26.6118 0.111777 -0.506244 -0.154397
26.6491 0.111753 -0.511902 -0.149347
26.6863 0.111729 -0.517371 -0.144236
26.7236 0.111706 -0.522646 -0.139066
26.7608 0.111683 -0.527727 -0.133838
26.798 0.111661 -0.532612 -0.128554
26.8353 0.111639 -0.537297 -0.123216
26.8725 0.111618 -0.541782 -0.117826
26.9097 0.111596 -0.546065 -0.112385
26.9469 0.111575 -0.550144 -0.106896
26.9841 0.111555 -0.554017 -0.101361
27.0212 0.111535 -0.557682 -0.0957817
27.0584 0.111515 -0.561139 -0.0901596
27.0956 0.111495 -0.564385 -0.0844971
27.1328 0.111475 -0.567419 -0.0787962
27.1699 0.111456 -0.570241 -0.0730589
27.2071 0.111436 -0.572848 -0.0672874
27.2442 0.111417 -0.57524 -0.0614837
27.2814 0.111398 -0.577415 -0.0556499
27.3185 0.11138 -0.579373 -0.0497883
27.3556 0.111361 -0.581112 -0.0439009
27.3927 0.111342 -0.582632 -0.03799
27.4299 0.111324 -0.583932 -0.0320577
27.467 0.111306 -0.585011 -0.0261062
27.5041 0.111287 -0.585869 -0.0201378
27.5412 0.111269 -0.586505 -0.0141547
27.5782 0.111251 -0.586919 -0.00815913
27.6153 0.111232 -0.58711 -0.0021534
27.6524 0.111225 -0.587078 0.00386024
27.6895 0.111228 -0.586824 0.00988007
27.7266 0.111235 -0.586346 0.0159044
27.7636 0.111244 -0.585644 0.0219311
27.8007 0.111253 -0.584719 0.0279579
27.8378 0.111263 -0.583571 0.0339826
27.8749 0.111273 -0.582199 0.0400029
27.912 0.111283 -0.580603 0.0460164
27.9491 0.111293 -0.578785 0.0520207
27.9862 0.111304 -0.576744 0.0580136
28.0233 0.111314 -0.574481 0.0639926
28.0604 0.111325 -0.571995 0.0699554
28.0975 0.111335 -0.569289 0.0758996
28.1346 0.111346 -0.566362 0.0818228
28.1717 0.111357 -0.563216 0.0877228
28.2088 0.111368 -0.559851 0.093597
28.246 0.111379 -0.556267 0.0994431
28.2831 0.11139 -0.552467 0.105259
28.3202 0.111401 -0.548452 0.111042
28.3573 0.111413 -0.544221 0.116789
28.3945 0.111425 -0.539778 0.122499
28.4316 0.111437 -0.535123 0.12817
28.4688 0.111449 -0.530257 0.133798
28.5059 0.111461 -0.525183 0.139381
28.5431 0.111474 -0.519901 0.144917
28.5802 0.111487 -0.514414 0.150404
28.6174 0.1115 -0.508724 0.15584
28.6546 0.111514 -0.502831 0.161221
28.6917 0.111528 -0.496739 0.166547
28.7289 0.111542 -0.49045 0.171814
28.7661 0.111557 -0.483965 0.17702
28.8033 0.111572 -0.477286 0.182163
28.8405 0.111587 -0.470417 0.187241
28.8777 0.111603 -0.463359 0.192251
28.9149 0.11162 -0.456115 0.197192
28.9521 0.111636 -0.448687 0.202061
28.9893 0.111654 -0.441079 0.206855
29.0265 0.111672 -0.433292 0.211574
29.0637 0.111691 -0.42533 0.216214
29.101 0.111711 -0.417195 0.220774
29.1382 0.111731 -0.40889 0.225252
29.1754 0.111752 -0.400419 0.229645
29.2127 0.111774 -0.391784 0.233951
29.2499 0.111797 -0.382988 0.238169
29.2872 0.111822 -0.374036 0.242297
29.3245 0.111847 -0.364929 0.246332
29.3618 0.111874 -0.355671 0.250272
29.3991 0.111902 -0.346266 0.254117
29.4364 0.111931 -0.336717 0.257863
29.4737 0.111962 -0.327028 0.261509
29.511 0.111996 -0.317202 0.265054
29.5483 0.112031 -0.307242 0.268495
29.5857 0.112068 -0.297153 0.27183
29.623 0.112108 -0.286938 0.275059
29.6604 0.112151 -0.276601 0.27818
29.6978 0.112198 -0.266145 0.28119
29.7352 0.112248 -0.255574 0.284088
29.7726 0.112302 -0.244892 0.286873
29.81 0.112361 -0.234103 0.289543
29.8475 0.112425 -0.22321 0.292097
29.8849 0.112496 -0.212218 0.294533
29.9224 0.112574 -0.201129 0.29685
29.96 0.112661 -0.189949 0.299047
29.9975 0.112758 -0.178679 0.301121
30.0351 0.112868 -0.167324 0.303072
30.0727 0.112992 -0.155887 0.304899
30.1104 0.113136 -0.144371 0.3066
30.1481 0.113303 -0.132778 0.308174
30.1859 0.113499 -0.121111 0.30962
30.2237 0.113735 -0.109372 0.310937
30.2616 0.114023 -0.0975611 0.312123
30.2996 0.114383 -0.0856776 0.313177
30.3378 0.114847 -0.0737189 0.314098
30.376 0.11547 -0.0616789 0.314885
30.4145 0.116354 -0.049546 0.315535
30.4533 0.117712 -0.0372977 0.316047
30.4926 0.120093 -0.0248891 0.316419
30.5326 0.125514 -0.0122175 0.316646
30.5744 0.162416 0.00103241 0.316717
30.6286 0.156732 0.018176 0.316558
30.6808 0.141778 0.0347044 0.316135
30.7281 0.131438 0.049631 0.315523
30.7719 0.125243 0.0634389 0.314762
30.8136 0.121574 0.0765613 0.313862
30.8541 0.119332 0.08926 0.312826
30.8939 0.117888 0.101681 0.311654
30.9332 0.116902 0.113902 0.310345
30.9722 0.116188 0.125968 0.308899
31.0109 0.115645 0.137901 0.307316
31.0495 0.115214 0.149715 0.305596
31.0879 0.114862 0.161416 0.303741
31.1262 0.114567 0.173008 0.30175
31.1643 0.114315 0.184491 0.299624
31.2025 0.114097 0.195866 0.297365
31.2405 0.113906 0.20713 0.294973
31.2785 0.113736 0.218283 0.292449
31.3164 0.113585 0.22932 0.289795
31.3542 0.113449 0.24024 0.28701
31.392 0.113325 0.251039 0.284097
31.4298 0.113212 0.261713 0.281055
31.4676 0.113109 0.27226 0.277888
31.5053 0.113014 0.282676 0.274595
31.5429 0.112927 0.292956 0.271178
31.5806 0.112845 0.303098 0.267638
31.6182 0.112769 0.313097 0.263977
31.6558 0.112699 0.322949 0.260196
31.6933 0.112632 0.33265 0.256296
31.7309 0.112569 0.342198 0.25228
31.7684 0.11251 0.351587 0.248149
31.8059 0.112455 0.360814 0.243903
31.8434 0.112402 0.369876 0.239546
31.8809 0.112351 0.378767 0.235079
31.9183 0.112304 0.387486 0.230503
31.9558 0.112258 0.396027 0.225821
31.9932 0.112214 0.404388 0.221034
32.0306 0.112172 0.412565 0.216144
32.068 0.112132 0.420553 0.211154
32.1053 0.112093 0.428351 0.206065
32.1427 0.112056 0.435954 0.200879
32.1801 0.11202 0.443359 0.195599
32.2174 0.111985 0.450562 0.190226
32.2547 0.111952 0.457562 0.184764
32.292 0.111919 0.464353 0.179214
32.3294 0.111888 0.470934 0.173578
32.3666 0.111857 0.477302 0.16786
32.4039 0.111827 0.483452 0.162061
32.4412 0.111798 0.489384 0.156184
32.4785 0.111769 0.495094 0.150231
32.5157 0.111742 0.500579 0.144205
32.553 0.111715 0.505837 0.138109
32.5902 0.111688 0.510865 0.131945
32.6274 0.111662 0.515661 0.125715
32.6647 0.111636 0.520224 0.119424
32.7019 0.111611 0.52455 0.113072
32.7391 0.111586 0.528637 0.106663
32.7763 0.111562 0.532485 0.1002
32.8135 0.111538 0.53609 0.0936862
32.8506 0.111514 0.539451 0.0871235
32.8878 0.111491 0.542567 0.0805152
32.925 0.111468 0.545436 0.0738643
32.9621 0.111445 0.548056 0.0671736
32.9993 0.111422 0.550427 0.0604462
33.0364 0.111399 0.552546 0.0536851
33.0736 0.111377 0.554414 0.0468933
33.1107 0.111355 0.556028 0.0400738
33.1478 0.111333 0.557389 0.0332297
33.1849 0.111311 0.558494 0.0263641
33.222 0.111289 0.559345 0.0194802
33.2591 0.111267 0.55994 0.012581
33.2962 0.111245 0.560278 0.00566977
33.3333 0.111227 0.56036 -0.00125045
33.3704 0.111227 0.560185 -0.00817668
33.4074 0.111235 0.559754 -0.0151069
33.4445 0.111245 0.559065 -0.0220383
33.4816 0.111256 0.558119 -0.0289678
33.5187 0.111268 0.556917 -0.0358925
33.5558 0.111281 0.555457 -0.042809
33.5929 0.111293 0.553741 -0.0497142
33.63 0.111306 0.551769 -0.0566047
33.6671 0.111318 0.549541 -0.0634775
33.7042 0.111331 0.547058 -0.0703292
33.7413 0.111344 0.544322 -0.0771566
33.7784 0.111357 0.541332 -0.0839564
33.8155 0.11137 0.53809 -0.0907254
33.8526 0.111384 0.534596 -0.0974604
33.8898 0.111397 0.530853 -0.104158
33.9269 0.111411 0.526862 -0.110815
33.964 0.111425 0.522624 -0.117429
34.0012 0.11144 0.51814 -0.123995
34.0383 0.111454 0.513413 -0.130511
34.0755 0.111469 0.508444 -0.136974
34.1126 0.111484 0.503235 -0.143381
34.1498 0.111499 0.497789 -0.149727
34.187 0.111515 0.492107 -0.156011
34.2241 0.111531 0.486192 -0.162229
34.2613 0.111548 0.480046 -0.168378
34.2985 0.111565 0.473672 -0.174455
34.3357 0.111583 0.467073 -0.180456
34.3729 0.111601 0.460251 -0.186379
34.4101 0.111619 0.453208 -0.192221
34.4473 0.111638 0.445949 -0.197978
34.4845 0.111658 0.438476 -0.203649
34.5217 0.111678 0.430792 -0.209229
34.5589 0.1117 0.422901 -0.214716
34.5962 0.111722 0.414806 -0.220107
34.6334 0.111745 0.40651 -0.225399
34.6707 0.111768 0.398017 -0.23059
34.7079 0.111793 0.389331 -0.235677
34.7452 0.111819 0.380456 -0.240656
34.7825 0.111847 0.371395 -0.245526
34.8197 0.111875 0.362152 -0.250284
34.857 0.111905 0.352731 -0.254926
34.8943 0.111937 0.343137 -0.259452
34.9316 0.11197 0.333374 -0.263857
34.969 0.112006 0.323446 -0.26814
35.0063 0.112044 0.313356 -0.272298
35.0436 0.112084 0.303111 -0.276329
35.081 0.112127 0.292714 -0.280231
35.1184 0.112173 0.282169 -0.284001
35.1558 0.112222 0.271482 -0.287637
35.1932 0.112275 0.260656 -0.291137
35.2306 0.112333 0.249697 -0.294499
35.2681 0.112396 0.238609 -0.29772
35.3055 0.112465 0.227396 -0.3008
35.343 0.112541 0.216064 -0.303736
35.3805 0.112625 0.204617 -0.306525
35.4181 0.112718 0.19306 -0.309167
35.4556 0.112823 0.181396 -0.311659
35.4932 0.112942 0.169631 -0.314
35.5309 0.113077 0.157768 -0.316188
35.5686 0.113233 0.145811 -0.318222
35.6063 0.113415 0.133764 -0.320099
35.6441 0.113631 0.12163 -0.321818
35.682 0.113892 0.10941 -0.323378
35.72 0.114212 0.0971063 -0.324778
35.758 0.114617 0.0847177 -0.326014
35.7962 0.115147 0.072241 -0.327087
35.8346 0.115871 0.0596687 -0.327993
35.8733 0.116926 0.0469855 -0.328731
35.9122 0.118618 0.0341614 -0.329299
35.9518 0.121821 0.0211328 -0.329692
35.9924 0.130667 0.00774006 -0.329902
36.0359 0.176817 -0.00663003 -0.329911
36.0949 0.155593 -0.0260664 -0.329564
36.1467 0.138809 -0.0431436 -0.328916
36.193 0.129054 -0.0583438 -0.328067
36.236 0.123586 -0.0724354 -0.327048
36.2772 0.120442 -0.0858846 -0.325866
36.3174 0.118538 -0.0989408 -0.32452
36.3569 0.117309 -0.111734 -0.323007
36.396 0.11646 -0.124333 -0.321329
36.4348 0.115837 -0.136771 -0.319484
36.4734 0.115356 -0.149069 -0.317472
36.5119 0.114969 -0.161235 -0.315296
36.5502 0.11465 -0.173274 -0.312955
36.5884 0.114379 -0.185187 -0.31045
36.6265 0.114147 -0.196973 -0.307784
36.6646 0.113944 -0.20863 -0.304957
36.7026 0.113765 -0.220157 -0.30197
36.7405 0.113605 -0.231549 -0.298826
36.7784 0.113462 -0.242803 -0.295525
36.8162 0.113333 -0.253915 -0.292069
36.854 0.113215 -0.264881 -0.28846
36.8917 0.113107 -0.275696 -0.2847
36.9294 0.113008 -0.286357 -0.28079
36.9671 0.112917 -0.296858 -0.276732
37.0047 0.112832 -0.307196 -0.272528
37.0423 0.112753 -0.317364 -0.268181
37.0799 0.112679 -0.32736 -0.263691
37.1175 0.11261 -0.337177 -0.259062
37.155 0.112545 -0.346813 -0.254296
37.1925 0.112483 -0.356261 -0.249394
37.23 0.112425 -0.365518 -0.24436
37.2675 0.11237 -0.374579 -0.239196
37.3049 0.112318 -0.38344 -0.233903
37.3424 0.112268 -0.392096 -0.228486
37.3798 0.11222 -0.400543 -0.222946
37.4172 0.112175 -0.408777 -0.217286
37.4546 0.112131 -0.416794 -0.211509
37.492 0.112089 -0.42459 -0.205617
37.5293 0.112048 -0.432161 -0.199615
37.5667 0.112009 -0.439502 -0.193504
37.604 0.111971 -0.446611 -0.187288
37.6413 0.111935 -0.453484 -0.180969
37.6787 0.111899 -0.460117 -0.174552
37.716 0.111865 -0.466507 -0.168038
37.7532 0.111832 -0.47265 -0.161432
37.7905 0.111799 -0.478543 -0.154737
37.8278 0.111767 -0.484183 -0.147956
37.865 0.111736 -0.489568 -0.141092
37.9023 0.111706 -0.494694 -0.134149
37.9395 0.111676 -0.499558 -0.127131
37.9767 0.111647 -0.504159 -0.120041
38.014 0.111619 -0.508494 -0.112883
38.0512 0.111591 -0.512559 -0.10566
38.0884 0.111563 -0.516354 -0.0983764
38.1256 0.111536 -0.519876 -0.0910355
38.1627 0.111509 -0.523124 -0.0836412
38.1999 0.111482 -0.526094 -0.0761974
38.2371 0.111456 -0.528787 -0.0687079
38.2742 0.11143 -0.5312 -0.0611766
38.3114 0.111404 -0.533331 -0.0536075
38.3485 0.111379 -0.535181 -0.0460044
38.3856 0.111354 -0.536747 -0.0383713
38.4227 0.111328 -0.53803 -0.0307124
38.4598 0.111303 -0.539027 -0.0230315
38.4969 0.111278 -0.539739 -0.0153327
38.534 0.111253 -0.540164 -0.00762007
38.5711 0.111229 -0.540304 0.000102275
38.6082 0.111228 -0.540157 0.00783029
38.6453 0.111236 -0.539723 0.0155615
38.6824 0.111248 -0.539003 0.0232924
38.7194 0.111261 -0.537996 0.0310192
38.7565 0.111276 -0.536702 0.0387378
38.7936 0.11129 -0.535122 0.0464441
38.8307 0.111305 -0.533257 0.054134
38.8678 0.11132 -0.531106 0.0618034
38.9049 0.111335 -0.52867 0.069448
38.942 0.11135 -0.525952 0.0770637
38.9792 0.111366 -0.52295 0.0846464
39.0163 0.111381 -0.519668 0.0921919
39.0534 0.111397 -0.516106 0.099696
39.0905 0.111413 -0.512265 0.107155
39.1277 0.111429 -0.508148 0.114564
39.1648 0.111446 -0.503756 0.121919
39.202 0.111463 -0.499091 0.129217
39.2391 0.11148 -0.494156 0.136452
39.2763 0.111497 -0.488952 0.143622
39.3134 0.111515 -0.483482 0.150721
39.3506 0.111534 -0.477748 0.157747
39.3878 0.111553 -0.471754 0.164694
39.425 0.111572 -0.465502 0.17156
39.4622 0.111592 -0.458995 0.17834
39.4994 0.111612 -0.452237 0.18503
39.5366 0.111633 -0.44523 0.191626
39.5738 0.111655 -0.437978 0.198125
39.611 0.111678 -0.430485 0.204522
39.6482 0.111701 -0.422754 0.210815
39.6855 0.111725 -0.414789 0.216999
39.7227 0.11175 -0.406594 0.22307
39.7599 0.111776 -0.398173 0.229026
39.7972 0.111803 -0.389531 0.234862
39.8345 0.111832 -0.380671 0.240576
39.8718 0.111862 -0.371599 0.246163
39.909 0.111893 -0.362318 0.25162
39.9463 0.111926 -0.352833 0.256944
39.9836 0.111961 -0.34315 0.262132
40.021 0.111997 -0.333273 0.26718
40.0583 0.112036 -0.323206 0.272086
40.0956 0.112078 -0.312956 0.276845
40.133 0.112122 -0.302526 0.281457
40.1704 0.112169 -0.291923 0.285916
40.2078 0.11222 -0.281152 0.290221
40.2452 0.112274 -0.270218 0.294369
40.2826 0.112333 -0.259126 0.298356
40.32 0.112397 -0.247882 0.302181
40.3575 0.112468 -0.236491 0.305841
40.395 0.112545 -0.22496 0.309332
40.4325 0.112629 -0.213292 0.312654
40.4701 0.112724 -0.201495 0.315803
40.5076 0.11283 -0.189572 0.318777
40.5452 0.112949 -0.17753 0.321575
40.5829 0.113084 -0.165373 0.324193
40.6206 0.11324 -0.153106 0.326629
40.6583 0.113422 -0.140733 0.328883
40.6961 0.113637 -0.128259 0.330951
40.734 0.113894 -0.115687 0.332832
40.772 0.11421 -0.103019 0.334523
40.8101 0.114607 -0.0902541 0.336024
40.8483 0.115122 -0.0773916 0.337331
40.8866 0.115819 -0.064425 0.338443
40.9252 0.116819 -0.0513407 0.339357
40.9642 0.118389 -0.0381116 0.34007
41.0036 0.121245 -0.0246807 0.340577
41.0441 0.128347 -0.0109095 0.340872
41.0868 0.317728 0.00367608 0.340936
41.1927 0.196591 0.0397481 0.33999
41.2583 0.150638 0.0619861 0.338616
41.3085 0.131842 0.0789537 0.337156
41.3524 0.12352 0.0937374 0.335588
41.3936 0.119564 0.10752 0.333874
41.4335 0.11753 0.12079 0.33199
41.4726 0.11638 0.133756 0.329924
41.5114 0.115657 0.146512 0.327668
41.55 0.115154 0.159098 0.325222
41.5884 0.114773 0.171532 0.322585
41.6266 0.114468 0.18382 0.319757
41.6648 0.114213 0.195963 0.31674
41.7029 0.113994 0.207961 0.313536
41.7409 0.113803 0.219811 0.310146
41.7788 0.113634 0.231509 0.306572
41.8167 0.113484 0.243051 0.302816
41.8545 0.113348 0.254432 0.29888
41.8923 0.113224 0.265647 0.294767
41.93 0.113112 0.276692 0.290478
41.9677 0.113008 0.287561 0.286017
42.0054 0.112913 0.298248 0.281385
42.043 0.112825 0.308749 0.276586
42.0806 0.112743 0.319058 0.271621
42.1182 0.112666 0.32917 0.266494
42.1558 0.112594 0.339079 0.261208
42.1933 0.112526 0.348781 0.255765
42.2308 0.112462 0.35827 0.250168
42.2683 0.112402 0.367541 0.244422
42.3058 0.112345 0.376589 0.238528
42.3432 0.11229 0.385409 0.23249
42.3806 0.112239 0.393996 0.226312
42.4181 0.112189 0.402345 0.219997
42.4555 0.112141 0.410452 0.213549
42.4928 0.112096 0.418312 0.206971
42.5302 0.112052 0.425921 0.200267
42.5676 0.11201 0.433274 0.193441
42.6049 0.111969 0.440367 0.186497
42.6422 0.111929 0.447196 0.179438
42.6795 0.111891 0.453757 0.17227
42.7168 0.111854 0.460047 0.164995
42.7541 0.111818 0.466062 0.157618
42.7914 0.111783 0.471797 0.150143
42.8286 0.111748 0.477251 0.142575
42.8659 0.111715 0.48242 0.134918
42.9031 0.111682 0.4873 0.127177
42.9404 0.11165 0.491889 0.119355
42.9776 0.111619 0.496184 0.111458
43.0148 0.111588 0.500183 0.10349
43.052 0.111557 0.503883 0.0954554
43.0892 0.111527 0.507283 0.0873594
43.1263 0.111498 0.510379 0.0792065
43.1635 0.111468 0.51317 0.0710016
43.2007 0.11144 0.515655 0.0627494
43.2378 0.111411 0.517832 0.0544549
43.2749 0.111383 0.5197 0.0461229
43.3121 0.111354 0.521257 0.0377583
43.3492 0.111326 0.522503 0.0293661
43.3863 0.111299 0.523437 0.0209513
43.4234 0.111271 0.524058 0.0125189
43.4605 0.111243 0.524365 0.00407395
43.4976 0.111229 0.52436 -0.00437858
43.5346 0.111234 0.524041 -0.0128346
43.5717 0.111246 0.523408 -0.0212906
43.6088 0.111261 0.522462 -0.0297418
43.6459 0.111277 0.521202 -0.0381836
43.683 0.111293 0.519629 -0.0466108
43.7201 0.11131 0.517744 -0.0550184
43.7572 0.111327 0.515547 -0.0634014
43.7943 0.111345 0.513039 -0.0717545
43.8314 0.111362 0.510222 -0.0800727
43.8685 0.11138 0.507095 -0.0883509
43.9057 0.111398 0.503662 -0.096584
43.9428 0.111416 0.499924 -0.104767
43.9799 0.111435 0.495882 -0.112895
44.0171 0.111454 0.491538 -0.120962
44.0542 0.111473 0.486895 -0.128964
44.0914 0.111493 0.481956 -0.136896
44.1285 0.111513 0.476722 -0.144752
44.1657 0.111533 0.471196 -0.152529
44.2029 0.111554 0.465383 -0.16022
44.2401 0.111576 0.459283 -0.167821
44.2773 0.111598 0.452902 -0.175327
44.3145 0.111621 0.446241 -0.182734
44.3517 0.111644 0.439306 -0.190036
44.3889 0.111669 0.4321 -0.197229
44.4261 0.111694 0.424626 -0.204309
44.4633 0.11172 0.41689 -0.21127
44.5006 0.111747 0.408894 -0.218109
44.5378 0.111775 0.400645 -0.22482
44.5751 0.111804 0.392145 -0.231399
44.6124 0.111834 0.383401 -0.237842
44.6496 0.111866 0.374417 -0.244145
44.6869 0.1119 0.365198 -0.250304
44.7242 0.111935 0.355749 -0.256314
44.7615 0.111972 0.346075 -0.262171
44.7989 0.112011 0.336183 -0.267872
44.8362 0.112053 0.326078 -0.273412
44.8735 0.112097 0.315765 -0.278787
44.9109 0.112144 0.30525 -0.283995
44.9483 0.112194 0.294539 -0.289031
44.9857 0.112248 0.283638 -0.293892
45.0231 0.112306 0.272554 -0.298574
45.0605 0.112369 0.261292 -0.303074
45.098 0.112438 0.249858 -0.307388
45.1355 0.112513 0.23826 -0.311515
45.173 0.112595 0.226502 -0.315449
45.2105 0.112686 0.214592 -0.319189
45.2481 0.112787 0.202536 -0.322732
45.2857 0.112901 0.190339 -0.326075
45.3233 0.113029 0.178008 -0.329214
45.361 0.113176 0.165548 -0.332148
45.3987 0.113346 0.152966 -0.334874
45.4365 0.113543 0.140265 -0.33739
45.4743 0.113778 0.127451 -0.339692
45.5123 0.114062 0.114528 -0.341779
45.5503 0.114413 0.101497 -0.343649
45.5884 0.114858 0.0883588 -0.345298
45.6267 0.115444 0.0751106 -0.346725
45.6652 0.116251 0.0617443 -0.347927
45.7039 0.117443 0.0482424 -0.3489
45.7431 0.119395 0.0345685 -0.349641
45.7829 0.123251 0.0206425 -0.350144
45.824 0.135339 0.00625122 -0.350397
45.8691 0.159657 -0.00955665 -0.350363
45.9223 0.146174 -0.0281923 -0.349902
45.971 0.134377 -0.0452227 -0.34908
46.0158 0.126984 -0.0608356 -0.347988
46.0581 0.12258 -0.0755381 -0.346659
46.099 0.119914 -0.0896718 -0.345104
46.139 0.118226 -0.103431 -0.343325
46.1784 0.117097 -0.116923 -0.341321
46.2174 0.116295 -0.130202 -0.339093
46.2562 0.115697 -0.143301 -0.336642
46.2947 0.115229 -0.156233 -0.33397
46.3332 0.11485 -0.169005 -0.331077
46.3714 0.114536 -0.181621 -0.327967
46.4096 0.11427 -0.19408 -0.32464
46.4477 0.11404 -0.206379 -0.3211
46.4857 0.113839 -0.218514 -0.317348
46.5237 0.113662 -0.230482 -0.313386
46.5616 0.113504 -0.242277 -0.309219
46.5994 0.113362 -0.253894 -0.304847
46.6372 0.113233 -0.265328 -0.300275
46.6749 0.113116 -0.276572 -0.295504
46.7126 0.113008 -0.287621 -0.290538
46.7503 0.112909 -0.298469 -0.28538
46.7879 0.112818 -0.30911 -0.280033
46.8255 0.112733 -0.319537 -0.274501
46.8631 0.112653 -0.329745 -0.268787
46.9007 0.112579 -0.339729 -0.262895
46.9382 0.112509 -0.349481 -0.256828
46.9757 0.112443 -0.358996 -0.250591
47.0132 0.11238 -0.368269 -0.244187
47.0506 0.112321 -0.377294 -0.23762
47.0881 0.112265 -0.386065 -0.230894
47.1255 0.112211 -0.394577 -0.224015
47.1629 0.11216 -0.402825 -0.216985
47.2003 0.112111 -0.410804 -0.20981
47.2377 0.112064 -0.418508 -0.202494
47.275 0.112018 -0.425933 -0.195042
47.3124 0.111974 -0.433075 -0.187458
47.3497 0.111932 -0.439928 -0.179748
47.387 0.111891 -0.446489 -0.171916
47.4243 0.111851 -0.452753 -0.163967
47.4616 0.111812 -0.458716 -0.155907
47.4988 0.111775 -0.464375 -0.14774
47.5361 0.111738 -0.469726 -0.139473
47.5733 0.111702 -0.474766 -0.131109
47.6106 0.111667 -0.47949 -0.122655
47.6478 0.111633 -0.483897 -0.114117
47.685 0.111599 -0.487983 -0.105498
47.7222 0.111566 -0.491746 -0.0968067
47.7594 0.111533 -0.495184 -0.0880467
47.7966 0.111501 -0.498293 -0.0792244
47.8337 0.111469 -0.501073 -0.0703455
47.8709 0.111438 -0.503521 -0.0614157
47.908 0.111406 -0.505636 -0.0524409
47.9452 0.111376 -0.507416 -0.043427
47.9823 0.111345 -0.50886 -0.0343799
48.0194 0.111315 -0.509968 -0.0253055
48.0565 0.111284 -0.510738 -0.0162099
48.0936 0.111254 -0.511171 -0.00709901
48.1307 0.111231 -0.511265 0.00202114
48.1678 0.111233 -0.511021 0.011145
48.2049 0.111245 -0.510438 0.0202687
48.2419 0.111261 -0.509518 0.029387
48.279 0.111279 -0.508259 0.0384942
48.3161 0.111298 -0.506662 0.0475842
48.3532 0.111317 -0.504729 0.0566511
48.3903 0.111337 -0.502459 0.0656889
48.4274 0.111356 -0.499854 0.0746913
48.4646 0.111376 -0.496915 0.0836525
48.5017 0.111397 -0.493643 0.0925662
48.5388 0.111417 -0.490042 0.101426
48.576 0.111438 -0.486111 0.110227
48.6131 0.111459 -0.481854 0.118962
48.6503 0.111481 -0.477273 0.127626
48.6874 0.111503 -0.472371 0.136213
48.7246 0.111525 -0.46715 0.144715
48.7618 0.111548 -0.461613 0.153129
48.7989 0.111572 -0.455764 0.161448
48.8361 0.111596 -0.449607 0.169666
48.8733 0.111621 -0.443144 0.177777
48.9105 0.111647 -0.436381 0.185776
48.9478 0.111673 -0.42932 0.193656
48.985 0.1117 -0.421966 0.201414
49.0222 0.111729 -0.414325 0.209042
49.0595 0.111758 -0.406399 0.216536
49.0967 0.111789 -0.398195 0.223891
49.134 0.11182 -0.389718 0.2311
49.1712 0.111854 -0.380972 0.238159
49.2085 0.111889 -0.371963 0.245063
49.2458 0.111925 -0.362697 0.251806
49.2831 0.111963 -0.353179 0.258384
49.3205 0.112004 -0.343416 0.264792
49.3578 0.112047 -0.333413 0.271025
49.3951 0.112092 -0.323177 0.277078
49.4325 0.112141 -0.312714 0.282948
49.4699 0.112192 -0.30203 0.288629
49.5073 0.112248 -0.291133 0.294117
49.5447 0.112307 -0.280029 0.299409
49.5821 0.112372 -0.268724 0.304499
49.6196 0.112442 -0.257226 0.309384
49.6571 0.112518 -0.245542 0.314061
49.6946 0.112602 -0.233678 0.318524
49.7321 0.112694 -0.221643 0.322772
49.7697 0.112796 -0.209441 0.3268
49.8073 0.112911 -0.197082 0.330604
49.8449 0.113041 -0.184571 0.334182
49.8826 0.113188 -0.171915 0.337531
49.9203 0.113358 -0.159121 0.340647
49.9581 0.113555 -0.146194 0.343527
49.996 0.113789 -0.13314 0.346169
50.0339 0.114071 -0.119963 0.348569
50.0719 0.114417 -0.106668 0.350726
50.1101 0.114854 -0.0932542 0.352635
50.1483 0.115424 -0.0797211 0.354295
50.1868 0.116203 -0.0660617 0.355702
50.2255 0.117335 -0.0522607 0.356852
50.2647 0.119149 -0.0382853 0.357742
50.3044 0.122576 -0.0240639 0.358364
50.3452 0.132013 -0.00941358 0.358708
50.3892 0.174197 0.0063732 0.358742
50.4473 0.152739 0.0271925 0.358251
50.4982 0.136992 0.0454103 0.357318
50.5439 0.127963 0.0617001 0.356083
50.5865 0.122901 0.0768578 0.354589
50.6275 0.119975 0.0913496 0.352845
50.6675 0.11819 0.105422 0.350853
50.7069 0.117027 0.119201 0.34861
50.7459 0.116217 0.132752 0.346118
50.7846 0.115618 0.146108 0.343376
50.8232 0.115154 0.159285 0.340387
50.8616 0.11478 0.172289 0.337152
50.8998 0.114469 0.185123 0.333673
50.938 0.114206 0.197784 0.329954
50.976 0.113979 0.210271 0.325997
51.014 0.113781 0.222577 0.321804
51.052 0.113605 0.234699 0.31738
51.0898 0.113448 0.24663 0.312726
51.1276 0.113308 0.258365 0.307846
51.1654 0.11318 0.269896 0.302745
51.2031 0.113064 0.281218 0.297424
51.2408 0.112957 0.292324 0.291889
51.2785 0.112858 0.303207 0.286143
51.3161 0.112767 0.31386 0.28019
51.3537 0.112682 0.324277 0.274034
51.3913 0.112603 0.334451 0.267679
51.4288 0.112529 0.344376 0.261131
51.4663 0.112459 0.354045 0.254393
51.5038 0.112392 0.363452 0.24747
51.5412 0.11233 0.372591 0.240367
51.5787 0.11227 0.381455 0.233089
51.6161 0.112214 0.390039 0.225642
51.6535 0.11216 0.398338 0.218029
51.6909 0.112108 0.406344 0.210258
51.7283 0.112058 0.414054 0.202332
51.7656 0.11201 0.421461 0.194259
51.803 0.111964 0.428561 0.186042
51.8403 0.11192 0.435349 0.177689
51.8776 0.111877 0.44182 0.169205
51.9149 0.111835 0.44797 0.160596
51.9522 0.111794 0.453794 0.151868
51.9894 0.111755 0.459289 0.143028
52.0267 0.111716 0.464451 0.134081
52.0639 0.111678 0.469276 0.125034
52.1011 0.111641 0.473761 0.115893
52.1384 0.111605 0.477902 0.106665
52.1756 0.111569 0.481697 0.0973565
52.2127 0.111534 0.485143 0.0879741
52.2499 0.1115 0.488239 0.0785244
52.2871 0.111466 0.490981 0.0690143
52.3242 0.111432 0.493367 0.0594504
52.3614 0.111399 0.495397 0.0498398
52.3985 0.111366 0.497069 0.0401892
52.4356 0.111333 0.498381 0.0305055
52.4728 0.111301 0.499333 0.0207959
52.5099 0.111268 0.499924 0.0110672
52.5469 0.111236 0.500154 0.00132645
52.584 0.111231 0.500023 -0.00841929
52.6211 0.111242 0.49953 -0.0181654
52.6582 0.111259 0.498675 -0.0279062
52.6953 0.111279 0.49746 -0.0376352
52.7324 0.1113 0.495884 -0.0473455
52.7695 0.111321 0.493948 -0.05703
52.8066 0.111343 0.491652 -0.0666818
52.8437 0.111365 0.488999 -0.0762938
52.8808 0.111388 0.485989 -0.0858589
52.9179 0.11141 0.482624 -0.09537
52.9551 0.111433 0.478907 -0.10482
52.9922 0.111457 0.474839 -0.114202
53.0294 0.111481 0.470423 -0.123509
53.0665 0.111505 0.465661 -0.132735
53.1037 0.11153 0.460558 -0.141871
53.1409 0.111555 0.455115 -0.150912
53.1781 0.111581 0.449337 -0.15985
53.2153 0.111608 0.443227 -0.168679
53.2525 0.111635 0.436789 -0.177392
53.2897 0.111663 0.430028 -0.185982
53.3269 0.111693 0.422948 -0.194444
53.3641 0.111723 0.415553 -0.202769
53.4014 0.111754 0.407849 -0.210953
53.4386 0.111787 0.39984 -0.218988
53.4759 0.111821 0.391533 -0.226869
53.5131 0.111856 0.382932 -0.234589
53.5504 0.111893 0.374044 -0.242143
53.5877 0.111931 0.364875 -0.249524
53.625 0.111972 0.35543 -0.256726
53.6624 0.112015 0.345716 -0.263744
53.6997 0.11206 0.33574 -0.270573
53.7371 0.112108 0.325509 -0.277206
53.7744 0.11216 0.315029 -0.283639
53.8118 0.112214 0.304308 -0.289866
53.8492 0.112273 0.293352 -0.295883
53.8866 0.112336 0.28217 -0.301683
53.9241 0.112404 0.270768 -0.307263
53.9616 0.112478 0.259154 -0.312617
53.999 0.112558 0.247337 -0.317742
54.0366 0.112647 0.235323 -0.322633
54.0741 0.112744 0.22312 -0.327285
54.1117 0.112853 0.210737 -0.331694
54.1493 0.112974 0.19818 -0.335857
54.187 0.113112 0.185458 -0.339769
54.2247 0.113269 0.172577 -0.343427
54.2624 0.11345 0.159546 -0.346828
54.3003 0.113661 0.14637 -0.349967
54.3381 0.113912 0.133055 -0.352842
54.3761 0.114215 0.119607 -0.355449
54.4142 0.11459 0.106029 -0.357786
54.4524 0.115067 0.0923227 -0.359847
54.4907 0.115694 0.0784854 -0.361631
54.5293 0.116562 0.0645092 -0.363134
54.5682 0.117848 0.0503754 -0.364352
54.6074 0.119971 0.0360435 -0.365278
54.6474 0.124232 0.0214222 -0.365906
54.6888 0.138348 0.00626221 -0.366219
54.735 0.155724 -0.0106267 -0.366164
54.7869 0.143125 -0.029621 -0.365592
54.8346 0.132554 -0.0470407 -0.36459
54.8788 0.125918 -0.0631219 -0.363255
54.9207 0.121927 -0.0783357 -0.361625
54.9614 0.119481 -0.0929953 -0.359712
55.0012 0.117913 -0.107279 -0.35752
55.0405 0.116851 -0.121283 -0.355049
55.0794 0.11609 -0.13506 -0.3523
55.1181 0.115517 -0.148635 -0.349276
55.1567 0.115067 -0.162022 -0.345979
55.195 0.114702 -0.175225 -0.34241
55.2332 0.114398 -0.188244 -0.338574
55.2714 0.114139 -0.201077 -0.334473
55.3094 0.113915 -0.213721 -0.330111
55.3474 0.11372 -0.226169 -0.32549
55.3853 0.113546 -0.238415 -0.320616
55.4231 0.113392 -0.250454 -0.31549
55.4609 0.113252 -0.262278 -0.310119
55.4987 0.113126 -0.27388 -0.304504
55.5364 0.113011 -0.285253 -0.298652
55.5741 0.112905 -0.296389 -0.292567
55.6117 0.112807 -0.307282 -0.286252
55.6493 0.112716 -0.317923 -0.279713
55.6869 0.112632 -0.328307 -0.272956
55.7244 0.112553 -0.338424 -0.265985
55.7619 0.112479 -0.348269 -0.258805
55.7994 0.112409 -0.357835 -0.251422
55.8369 0.112343 -0.367114 -0.243841
55.8744 0.11228 -0.3761 -0.236069
55.9118 0.112221 -0.384787 -0.228111
55.9492 0.112164 -0.393169 -0.219974
55.9866 0.112109 -0.401238 -0.211663
56.0239 0.112057 -0.40899 -0.203185
56.0613 0.112007 -0.416419 -0.194547
56.0986 0.111959 -0.423519 -0.185754
56.136 0.111912 -0.430285 -0.176815
56.1733 0.111867 -0.436711 -0.167735
56.2105 0.111823 -0.442795 -0.158521
56.2478 0.111781 -0.44853 -0.149181
56.2851 0.111739 -0.453913 -0.139722
56.3223 0.111699 -0.458939 -0.130151
56.3596 0.11166 -0.463605 -0.120476
56.3968 0.111621 -0.467907 -0.110703
56.434 0.111583 -0.471843 -0.100841
56.4712 0.111546 -0.475409 -0.0908974
56.5084 0.111509 -0.478603 -0.0808792
56.5455 0.111473 -0.481422 -0.0707947
56.5827 0.111437 -0.483864 -0.0606514
56.6198 0.111402 -0.485928 -0.0504574
56.657 0.111367 -0.487612 -0.0402206
56.6941 0.111332 -0.488914 -0.0299488
56.7312 0.111297 -0.489835 -0.0196502
56.7683 0.111263 -0.490372 -0.00933262
56.8054 0.111232 -0.490527 0.000995761
56.8425 0.111233 -0.490298 0.0113272
56.8795 0.111248 -0.489687 0.0216568
56.9166 0.111269 -0.488692 0.0319775
56.9537 0.111291 -0.487315 0.0422817
56.9908 0.111314 -0.485556 0.0525617
57.0279 0.111338 -0.483415 0.0628092
57.065 0.111363 -0.480895 0.0730163
57.1022 0.111387 -0.477995 0.0831748
57.1393 0.111412 -0.47472 0.0932768
57.1764 0.111438 -0.471069 0.103314
57.2136 0.111464 -0.467046 0.113279
57.2507 0.11149 -0.462653 0.123162
57.2879 0.111517 -0.457894 0.132958
57.3251 0.111544 -0.452771 0.142656
57.3622 0.111572 -0.447288 0.152251
57.3994 0.111601 -0.441449 0.161733
57.4366 0.11163 -0.435258 0.171095
57.4738 0.111661 -0.428719 0.18033
57.5111 0.111692 -0.421837 0.18943
57.5483 0.111724 -0.414618 0.198387
57.5855 0.111758 -0.407065 0.207194
57.6228 0.111793 -0.399185 0.215844
57.66 0.111829 -0.390983 0.224329
57.6973 0.111867 -0.382465 0.232643
57.7346 0.111906 -0.373638 0.240779
57.7719 0.111948 -0.364507 0.248729
57.8092 0.111991 -0.35508 0.256488
57.8466 0.112037 -0.345364 0.264047
57.8839 0.112085 -0.335365 0.271402
57.9213 0.112137 -0.325091 0.278545
57.9586 0.112192 -0.314549 0.285471
57.996 0.11225 -0.303747 0.292174
58.0335 0.112313 -0.292693 0.298647
58.0709 0.11238 -0.281395 0.304885
58.1084 0.112453 -0.269861 0.310882
58.1458 0.112533 -0.258099 0.316633
58.1834 0.11262 -0.246118 0.322133
58.2209 0.112715 -0.233926 0.327377
58.2585 0.112821 -0.221531 0.33236
58.2961 0.112939 -0.208942 0.337076
58.3337 0.113071 -0.196168 0.341523
58.3714 0.113221 -0.183217 0.345694
58.4091 0.113393 -0.170096 0.349587
58.4469 0.113592 -0.156813 0.353197
58.4848 0.113826 -0.143376 0.356519
58.5228 0.114107 -0.12979 0.359551
58.5608 0.114448 -0.116061 0.362287
58.5989 0.114875 -0.102193 0.364726
58.6372 0.115426 -0.0881848 0.366862
58.6757 0.116165 -0.0740335 0.368693
58.7144 0.117216 -0.0597266 0.370213
58.7535 0.11884 -0.045237 0.371417
58.7931 0.121717 -0.0305054 0.372299
58.8337 0.128451 -0.0153881 0.372846
58.8765 0.183921 0.000581516 0.373033
58.9378 0.157953 0.0234419 0.372599
58.9905 0.13927 0.0430351 0.371567
59.0369 0.128921 0.0602535 0.370152
59.0799 0.123282 0.0761246 0.368422
59.121 0.1201 0.091224 0.36639
59.161 0.1182 0.105846 0.364057
59.2004 0.116985 0.120139 0.361423
59.2394 0.116151 0.134177 0.358487
59.2781 0.115542 0.147995 0.35525
59.3166 0.115072 0.16161 0.351715
59.355 0.114696 0.175028 0.347885
59.3932 0.114385 0.18825 0.343762
59.4313 0.114121 0.201274 0.33935
59.4694 0.113895 0.214095 0.334654
59.5073 0.113696 0.226706 0.329677
59.5452 0.113521 0.239102 0.324423
59.5831 0.113365 0.251275 0.318897
59.6209 0.113225 0.263217 0.313104
59.6586 0.113097 0.27492 0.307048
59.6963 0.112981 0.286378 0.300735
59.734 0.112874 0.297581 0.294169
59.7716 0.112776 0.308521 0.287357
59.8092 0.112685 0.319192 0.280303
59.8467 0.112599 0.329584 0.273014
59.8843 0.11252 0.339691 0.265495
59.9218 0.112445 0.349504 0.257754
59.9593 0.112375 0.359017 0.249796
59.9967 0.112308 0.368221 0.241627
60.0342 0.112245 0.377111 0.233255
60.0716 0.112184 0.385678 0.224686
60.109 0.112127 0.393917 0.215928
60.1463 0.112072 0.401821 0.206988
60.1837 0.112019 0.409384 0.197872
60.221 0.111968 0.4166 0.188589
60.2584 0.111919 0.423463 0.179147
60.2957 0.111872 0.429967 0.169552
60.333 0.111826 0.436109 0.159813
60.3702 0.111782 0.441882 0.149938
60.4075 0.111738 0.447283 0.139936
60.4447 0.111696 0.452307 0.129813
60.482 0.111654 0.45695 0.11958
60.5192 0.111614 0.461209 0.109244
60.5564 0.111574 0.465079 0.0988133
60.5936 0.111535 0.468559 0.0882974
60.6308 0.111497 0.471645 0.0777049
60.6679 0.111459 0.474335 0.0670443
60.7051 0.111422 0.476627 0.0563247
60.7422 0.111385 0.478519 0.045555
60.7794 0.111348 0.48001 0.0347441
60.8165 0.111311 0.481098 0.023901
60.8536 0.111275 0.481784 0.0130349
60.8907 0.111239 0.482065 0.00215479
60.9277 0.111233 0.481943 -0.00873023
60.9648 0.111246 0.481418 -0.0196139
61.0019 0.111267 0.480489 -0.0304891
61.039 0.111291 0.479157 -0.0413474
61.0761 0.111316 0.477422 -0.0521799
61.1132 0.111343 0.475285 -0.0629776
61.1503 0.111369 0.472748 -0.0737313
61.1874 0.111397 0.469812 -0.0844321
61.2246 0.111424 0.466479 -0.0950707
61.2617 0.111452 0.462752 -0.105638
61.2989 0.111481 0.458632 -0.116125
61.336 0.11151 0.454123 -0.126523
61.3732 0.111539 0.449229 -0.136823
61.4104 0.111569 0.443952 -0.147016
61.4476 0.1116 0.438296 -0.157092
61.4848 0.111632 0.432267 -0.167044
61.522 0.111665 0.425868 -0.176863
61.5592 0.111699 0.419104 -0.18654
61.5964 0.111734 0.411981 -0.196066
61.6337 0.11177 0.404504 -0.205434
61.6709 0.111807 0.396678 -0.214634
61.7082 0.111846 0.38851 -0.22366
61.7455 0.111887 0.380006 -0.232502
61.7828 0.111929 0.371173 -0.241153
61.8201 0.111974 0.362017 -0.249605
61.8574 0.112021 0.352546 -0.257851
61.8947 0.11207 0.342767 -0.265883
61.9321 0.112123 0.332688 -0.273693
61.9695 0.112178 0.322317 -0.281275
62.0069 0.112238 0.311661 -0.288622
62.0443 0.112301 0.300729 -0.295727
62.0817 0.112369 0.28953 -0.302583
62.1192 0.112443 0.278072 -0.309184
62.1566 0.112522 0.266364 -0.315523
62.1942 0.112609 0.254414 -0.321595
62.2317 0.112704 0.242233 -0.327393
62.2693 0.112809 0.229829 -0.332913
62.3069 0.112926 0.217211 -0.338148
62.3445 0.113056 0.204389 -0.343093
62.3822 0.113204 0.19137 -0.347743
62.4199 0.113372 0.178165 -0.352093
62.4577 0.113566 0.164782 -0.356139
62.4956 0.113792 0.151229 -0.359875
62.5335 0.114061 0.137512 -0.363298
62.5715 0.114387 0.12364 -0.366404
62.6097 0.114789 0.109615 -0.369187
62.6479 0.115301 0.0954407 -0.371643
62.6863 0.115977 0.0811151 -0.373769
62.725 0.116916 0.0666298 -0.37556
62.764 0.118316 0.051964 -0.37701
62.8034 0.120649 0.0370723 -0.378112
62.8436 0.125434 0.0218498 -0.378856
62.8854 0.14262 0.00600013 -0.379222
62.933 0.152313 -0.0120281 -0.379132
62.9838 0.140237 -0.0312621 -0.37844
63.0305 0.130733 -0.048927 -0.37726
63.0741 0.124805 -0.0653345 -0.37569
63.1157 0.121218 -0.0809253 -0.37377
63.1561 0.118998 -0.0959837 -0.371514
63.1958 0.117557 -0.11067 -0.368925
63.2349 0.116571 -0.125071 -0.366005
63.2738 0.115857 -0.13923 -0.362757
63.3124 0.115315 -0.153172 -0.359184
63.3509 0.114886 -0.166904 -0.355288
63.3892 0.114537 -0.180431 -0.351074
63.4273 0.114245 -0.193749 -0.346545
63.4654 0.113996 -0.206855 -0.341706
63.5034 0.113781 -0.219742 -0.336561
63.5413 0.113592 -0.232405 -0.331114
63.5792 0.113424 -0.244834 -0.325372
63.617 0.113274 -0.257023 -0.319339
63.6548 0.113139 -0.268962 -0.31302
63.6925 0.113015 -0.280643 -0.306422
63.7302 0.112903 -0.292058 -0.299549
63.7678 0.112799 -0.303198 -0.292409
63.8054 0.112704 -0.314054 -0.285008
63.843 0.112615 -0.324618 -0.277351
63.8805 0.112532 -0.334882 -0.269447
63.918 0.112454 -0.344837 -0.261301
63.9555 0.11238 -0.354476 -0.252922
63.9929 0.112311 -0.36379 -0.244316
64.0304 0.112246 -0.372772 -0.235491
64.0678 0.112183 -0.381414 -0.226455
64.1052 0.112124 -0.38971 -0.217215
64.1426 0.112067 -0.397653 -0.207781
64.1799 0.112012 -0.405235 -0.19816
64.2173 0.11196 -0.412452 -0.18836
64.2546 0.111909 -0.419296 -0.178391
64.2919 0.11186 -0.425762 -0.168261
64.3292 0.111813 -0.431845 -0.15798
64.3664 0.111767 -0.437539 -0.147555
64.4037 0.111722 -0.44284 -0.136997
64.4409 0.111679 -0.447743 -0.126314
64.4782 0.111636 -0.452245 -0.115517
64.5154 0.111594 -0.456341 -0.104614
64.5526 0.111553 -0.460028 -0.0936161
64.5898 0.111513 -0.463303 -0.082532
64.6269 0.111473 -0.466164 -0.0713719
64.6641 0.111434 -0.468608 -0.0601456
64.7012 0.111395 -0.470632 -0.0488631
64.7384 0.111357 -0.472236 -0.0375345
64.7755 0.111318 -0.473419 -0.0261698
64.8126 0.111281 -0.474179 -0.0147791
64.8497 0.111243 -0.474515 -0.00337262
64.8868 0.111233 -0.474429 0.00803953
64.9238 0.111246 -0.473919 0.01945
64.9609 0.111269 -0.472986 0.030851
64.998 0.111295 -0.471631 0.0422333
65.0351 0.111323 -0.469853 0.053587
65.0722 0.111352 -0.467655 0.064902
65.1093 0.111381 -0.465037 0.0761681
65.1465 0.111411 -0.462 0.0873754
65.1836 0.111441 -0.458549 0.0985135
65.2207 0.111471 -0.454683 0.109572
65.2579 0.111503 -0.450408 0.120542
65.2951 0.111535 -0.445725 0.131412
65.3322 0.111567 -0.440639 0.142173
65.3694 0.1116 -0.435154 0.152815
65.4066 0.111635 -0.429273 0.163328
65.4438 0.11167 -0.423002 0.173702
65.4811 0.111706 -0.416345 0.183927
65.5183 0.111744 -0.409309 0.193995
65.5556 0.111782 -0.401898 0.203896
65.5928 0.111823 -0.394119 0.21362
65.6301 0.111865 -0.385978 0.223159
65.6674 0.111908 -0.377482 0.232502
65.7047 0.111954 -0.368638 0.241643
65.742 0.112002 -0.359453 0.250571
65.7793 0.112052 -0.349935 0.259279
65.8167 0.112106 -0.340091 0.267757
65.8541 0.112162 -0.329931 0.275999
65.8914 0.112222 -0.319462 0.283995
65.9288 0.112286 -0.308692 0.291738
65.9663 0.112355 -0.297632 0.299221
66.0037 0.112429 -0.28629 0.306436
66.0412 0.112508 -0.274675 0.313375
66.0787 0.112595 -0.262797 0.320032
66.1162 0.11269 -0.250665 0.326401
66.1538 0.112794 -0.238289 0.332474
66.1914 0.112909 -0.225679 0.338245
66.229 0.113038 -0.212845 0.343709
66.2667 0.113182 -0.199797 0.348859
66.3044 0.113346 -0.186543 0.353689
66.3422 0.113534 -0.173094 0.358195
66.3801 0.113753 -0.159458 0.362371
66.418 0.114011 -0.145644 0.366211
66.456 0.114319 -0.131659 0.369712
66.4941 0.114698 -0.117509 0.372867
66.5323 0.115173 -0.103198 0.375673
66.5707 0.115791 -0.0887277 0.378125
66.6093 0.116629 -0.0740916 0.380217
66.6482 0.117838 -0.0592753 0.381945
66.6875 0.119752 -0.0442448 0.3833
66.7274 0.123297 -0.0289237 0.384274
66.7685 0.132568 -0.0131171 0.384851
66.8127 0.183776 0.00389397 0.384987
66.8739 0.153641 0.027463 0.384345
66.9252 0.136211 0.0471168 0.383067
66.9706 0.127022 0.0644729 0.381371
67.0129 0.122091 0.0805785 0.379314
67.0536 0.119314 0.0959678 0.376906
67.0934 0.117645 0.110904 0.374147
67.1326 0.116566 0.125517 0.371036
67.1714 0.115816 0.139868 0.367574
67.21 0.115261 0.153986 0.363763
67.2485 0.114829 0.167883 0.359607
67.2867 0.11448 0.181562 0.355108
67.3249 0.11419 0.195022 0.350273
67.363 0.113942 0.208257 0.345104
67.4009 0.113729 0.221261 0.339609
67.4389 0.113541 0.234027 0.333791
67.4767 0.113375 0.246545 0.327656
67.5145 0.113226 0.258806 0.321212
67.5522 0.113092 0.270803 0.314463
67.5899 0.11297 0.282526 0.307416
67.6276 0.112858 0.293965 0.300078
67.6652 0.112755 0.305111 0.292456
67.7028 0.11266 0.315955 0.284557
67.7403 0.112571 0.326489 0.276388
67.7779 0.112489 0.336703 0.267957
67.8154 0.112411 0.346588 0.259273
67.8528 0.112338 0.356136 0.250343
67.8903 0.112269 0.36534 0.241175
67.9277 0.112204 0.37419 0.231779
67.9651 0.112141 0.38268 0.222162
68.0025 0.112082 0.390801 0.212335
68.0398 0.112025 0.398548 0.202306
68.0772 0.11197 0.405912 0.192084
68.1145 0.111918 0.412888 0.181679
68.1518 0.111867 0.419468 0.171102
68.1891 0.111818 0.425649 0.160361
68.2264 0.11177 0.431423 0.149467
68.2636 0.111723 0.436787 0.138431
68.3009 0.111678 0.441735 0.127261
68.3381 0.111634 0.446262 0.11597
68.3753 0.111591 0.450366 0.104567
68.4125 0.111548 0.454042 0.0930637
68.4497 0.111507 0.457287 0.0814703
68.4869 0.111465 0.460098 0.0697978
68.524 0.111425 0.462474 0.0580573
68.5612 0.111385 0.464411 0.0462599
68.5983 0.111345 0.465909 0.0344165
68.6354 0.111306 0.466966 0.0225385
68.6725 0.111266 0.467581 0.0106369
68.7096 0.111232 0.467755 -0.00127694
68.7467 0.111236 0.467487 -0.0131923
68.7837 0.111257 0.466777 -0.0251021
68.8208 0.111284 0.465625 -0.0369968
68.8579 0.111314 0.464033 -0.0488658
68.895 0.111344 0.462 -0.060698
68.9321 0.111376 0.459528 -0.0724823
68.9693 0.111408 0.456619 -0.0842074
69.0064 0.111441 0.453275 -0.0958621
69.0436 0.111474 0.449499 -0.107435
69.0807 0.111508 0.445294 -0.118916
69.1179 0.111542 0.440662 -0.130292
69.1551 0.111578 0.435608 -0.141554
69.1923 0.111614 0.430135 -0.15269
69.2295 0.111651 0.424249 -0.163689
69.2667 0.111689 0.417955 -0.174541
69.3039 0.111728 0.411257 -0.185235
69.3412 0.111769 0.404162 -0.195761
69.3784 0.111811 0.396676 -0.206107
69.4157 0.111855 0.388804 -0.216264
69.453 0.1119 0.380554 -0.226223
69.4903 0.111948 0.371934 -0.235971
69.5276 0.111998 0.36295 -0.245502
69.5649 0.11205 0.35361 -0.254803
69.6023 0.112105 0.343923 -0.263867
69.6396 0.112164 0.333897 -0.272683
69.677 0.112225 0.323541 -0.281244
69.7144 0.112292 0.312864 -0.28954
69.7519 0.112362 0.301876 -0.297562
69.7893 0.112438 0.290585 -0.305303
69.8268 0.11252 0.279002 -0.312753
69.8643 0.112609 0.267136 -0.319906
69.9018 0.112706 0.254999 -0.326754
69.9394 0.112813 0.242599 -0.333289
69.977 0.112931 0.229948 -0.339505
70.0146 0.113062 0.217056 -0.345393
70.0523 0.113209 0.203933 -0.350949
70.0901 0.113376 0.19059 -0.356165
70.1279 0.113568 0.177037 -0.361035
70.1657 0.113789 0.163283 -0.365553
70.2037 0.11405 0.149338 -0.369714
70.2417 0.114363 0.135209 -0.373512
70.2798 0.114744 0.120904 -0.376941
70.318 0.115222 0.106427 -0.379997
70.3564 0.115841 0.0917793 -0.382674
70.3951 0.116677 0.0769573 -0.384967
70.4339 0.117874 0.0619468 -0.386869
70.4732 0.119751 0.0467152 -0.388373
70.5132 0.123162 0.0311893 -0.389469
70.5542 0.131679 0.0151847 -0.39014
70.5981 0.218582 -0.00194621 -0.390345
70.671 0.162742 -0.0303656 -0.389514
70.7252 0.138622 -0.0514568 -0.387945
70.7714 0.127429 -0.0693393 -0.38597
70.8139 0.121903 -0.0856862 -0.383639
70.8545 0.118983 -0.101222 -0.38095
70.8942 0.117313 -0.116272 -0.377893
70.9333 0.11627 -0.130983 -0.374465
70.9721 0.115562 -0.145424 -0.370664
71.0106 0.115042 -0.159623 -0.366494
71.0489 0.11464 -0.173591 -0.361956
71.0871 0.114314 -0.18733 -0.357055
71.1252 0.114041 -0.200837 -0.351797
71.1633 0.113809 -0.214104 -0.346186
71.2012 0.113607 -0.227125 -0.340229
71.2391 0.113429 -0.239891 -0.333931
71.2769 0.113271 -0.252393 -0.3273
71.3146 0.113129 -0.26462 -0.320341
71.3523 0.113 -0.276564 -0.313063
71.39 0.112883 -0.288214 -0.305471
71.4276 0.112776 -0.299561 -0.297575
71.4652 0.112677 -0.310594 -0.289382
71.5028 0.112585 -0.321305 -0.280899
71.5403 0.112499 -0.331683 -0.272136
71.5778 0.112419 -0.341719 -0.263101
71.6153 0.112343 -0.351405 -0.253804
71.6527 0.112272 -0.360731 -0.244252
71.6902 0.112205 -0.36969 -0.234457
71.7276 0.11214 -0.378272 -0.224427
71.7649 0.112079 -0.38647 -0.214173
71.8023 0.112021 -0.394277 -0.203704
71.8396 0.111965 -0.401684 -0.193031
71.877 0.111911 -0.408686 -0.182165
71.9143 0.111859 -0.415276 -0.171116
71.9515 0.111808 -0.421448 -0.159896
71.9888 0.111759 -0.427196 -0.148515
72.0261 0.111712 -0.432514 -0.136984
72.0633 0.111665 -0.437398 -0.125316
72.1005 0.11162 -0.441843 -0.113521
72.1377 0.111576 -0.445846 -0.101612
72.1749 0.111532 -0.449402 -0.0896
72.2121 0.11149 -0.452508 -0.077497
72.2493 0.111447 -0.455162 -0.065315
72.2864 0.111406 -0.457361 -0.0530663
72.3236 0.111365 -0.459104 -0.0407629
72.3607 0.111324 -0.460388 -0.0284171
72.3978 0.111283 -0.461213 -0.0160412
72.4349 0.111243 -0.461578 -0.00364747
72.472 0.111234 -0.461483 0.00875173
72.509 0.11125 -0.460929 0.0211475
72.5461 0.111277 -0.459915 0.0335305
72.5832 0.111308 -0.458442 0.0458892
72.6203 0.111341 -0.456511 0.0582119
72.6574 0.111375 -0.454122 0.0704864
72.6946 0.11141 -0.451278 0.0827003
72.7317 0.111445 -0.447981 0.0948413
72.7688 0.111481 -0.444234 0.106897
72.806 0.111518 -0.440039 0.118856
72.8432 0.111555 -0.4354 0.130705
72.8804 0.111593 -0.430322 0.142432
72.9176 0.111632 -0.424807 0.154026
72.9548 0.111672 -0.418863 0.165474
72.992 0.111713 -0.412492 0.176765
73.0292 0.111756 -0.405702 0.187887
73.0665 0.1118 -0.398499 0.198828
73.1037 0.111846 -0.390888 0.209578
73.141 0.111893 -0.382877 0.220124
73.1783 0.111943 -0.374474 0.230457
73.2156 0.111995 -0.365685 0.240565
73.253 0.112049 -0.35652 0.250437
73.2903 0.112107 -0.346985 0.260063
73.3277 0.112167 -0.337091 0.269432
73.3651 0.112231 -0.326846 0.278536
73.4025 0.1123 -0.31626 0.287363
73.4399 0.112373 -0.305342 0.295905
73.4774 0.112451 -0.294103 0.304152
73.5149 0.112536 -0.282552 0.312095
73.5524 0.112627 -0.270701 0.319725
73.5899 0.112727 -0.25856 0.327034
73.6275 0.112837 -0.246139 0.334013
73.6651 0.112958 -0.23345 0.340655
73.7028 0.113093 -0.220503 0.346952
73.7405 0.113244 -0.207311 0.352897
73.7782 0.113415 -0.193883 0.358482
73.816 0.113611 -0.180231 0.363701
73.8539 0.113838 -0.166365 0.368546
73.8918 0.114104 -0.152294 0.373012
73.9299 0.114423 -0.138027 0.377093
73.968 0.114811 -0.123573 0.380782
74.0063 0.115297 -0.108936 0.384073
74.0447 0.115925 -0.0941185 0.386962
74.0833 0.116771 -0.0791163 0.389441
74.1223 0.11798 -0.0639163 0.391503
74.1616 0.119865 -0.048486 0.393142
74.2015 0.123263 -0.0327524 0.394346
74.2426 0.13158 -0.0165325 0.395097
74.2865 0.277889 0.000804153 0.395354
74.3791 0.174412 0.0373842 0.394039
74.4373 0.141217 0.060236 0.391927
74.4843 0.127631 0.0786302 0.389493
74.5269 0.121472 0.095144 0.386739
74.5674 0.118439 0.110742 0.383632
74.6068 0.116806 0.12582 0.380149
74.6458 0.115833 0.140548 0.37628
74.6844 0.115191 0.154995 0.37202
74.7228 0.114728 0.169192 0.367371
74.761 0.114369 0.183146 0.362335
74.7992 0.114077 0.196857 0.356919
74.8372 0.113833 0.21032 0.351127
74.8751 0.113622 0.223528 0.344966
74.913 0.113438 0.236471 0.338442
74.9508 0.113275 0.249139 0.331563
74.9886 0.113129 0.261523 0.324336
75.0263 0.112998 0.273612 0.316768
75.0639 0.112878 0.285396 0.308867
75.1016 0.112768 0.296864 0.300643
75.1392 0.112667 0.308005 0.292104
75.1767 0.112574 0.31881 0.283258
75.2142 0.112487 0.329269 0.274115
75.2517 0.112405 0.339371 0.264684
75.2892 0.112329 0.349107 0.254976
75.3267 0.112256 0.358468 0.245001
75.3641 0.112188 0.367445 0.234768
75.4015 0.112123 0.37603 0.224289
75.4388 0.112061 0.384213 0.213575
75.4762 0.112002 0.391987 0.202637
75.5135 0.111945 0.399345 0.191485
75.5508 0.11189 0.406279 0.180132
75.5881 0.111838 0.412782 0.16859
75.6254 0.111787 0.418849 0.156871
75.6627 0.111737 0.424474 0.144986
75.6999 0.111689 0.42965 0.132949
75.7372 0.111642 0.434374 0.120771
75.7744 0.111596 0.438639 0.108465
75.8116 0.111551 0.442443 0.0960454
75.8488 0.111507 0.445782 0.0835235
75.8859 0.111463 0.448653 0.070913
75.9231 0.11142 0.451052 0.0582268
75.9602 0.111378 0.452978 0.0454784
75.9973 0.111336 0.454429 0.0326809
76.0345 0.111294 0.455404 0.0198479
76.0716 0.111253 0.455902 0.00699254
76.1086 0.111232 0.455922 -0.00587157
76.1457 0.111246 0.455466 -0.0187335
76.1828 0.111273 0.454533 -0.0315836
76.2199 0.111306 0.453124 -0.04441
76.257 0.111342 0.451239 -0.0571999
76.2941 0.111378 0.448879 -0.06994
76.3312 0.111416 0.446047 -0.082617
76.3684 0.111454 0.442744 -0.0952174
76.4055 0.111492 0.438974 -0.107728
76.4427 0.111532 0.43474 -0.120135
76.4799 0.111572 0.430045 -0.132426
76.5171 0.111613 0.424893 -0.144587
76.5543 0.111655 0.41929 -0.156605
76.5915 0.111698 0.41324 -0.168468
76.6287 0.111743 0.406749 -0.180162
76.666 0.111789 0.399823 -0.191675
76.7032 0.111837 0.392469 -0.202995
76.7405 0.111887 0.384694 -0.214108
76.7778 0.111939 0.376505 -0.225003
76.8151 0.111993 0.36791 -0.235669
76.8524 0.112049 0.358917 -0.246092
76.8898 0.112109 0.349534 -0.256262
76.9272 0.112172 0.339772 -0.266167
76.9645 0.112239 0.329639 -0.275796
77.002 0.112309 0.319145 -0.285139
77.0394 0.112385 0.3083 -0.294184
77.0769 0.112466 0.297115 -0.302922
77.1143 0.112554 0.2856 -0.311343
77.1519 0.112648 0.273766 -0.319436
77.1894 0.112751 0.261624 -0.327193
77.227 0.112864 0.249187 -0.334604
77.2646 0.112989 0.236465 -0.34166
77.3023 0.113128 0.22347 -0.348354
77.34 0.113283 0.210213 -0.354676
77.3778 0.113459 0.196707 -0.360619
77.4156 0.11366 0.182962 -0.366176
77.4535 0.113893 0.168989 -0.371338
77.4914 0.114166 0.1548 -0.376099
77.5295 0.114492 0.140403 -0.380453
77.5676 0.11489 0.125807 -0.384392
77.6059 0.115388 0.111017 -0.387911
77.6444 0.11603 0.0960366 -0.391001
77.6831 0.116894 0.0808612 -0.393658
77.722 0.118126 0.0654778 -0.395873
77.7614 0.120044 0.0498538 -0.397638
77.8014 0.123492 0.0339147 -0.398942
77.8426 0.131876 0.0174738 -0.399765
77.8866 0.337221 -0.000108033 -0.400062
77.999 0.182982 -0.0450035 -0.398085
78.06 0.142779 -0.0692073 -0.395367
78.1075 0.127555 -0.0879573 -0.392447
78.1501 0.12101 -0.104577 -0.389249
78.1904 0.117936 -0.120208 -0.385705
78.2297 0.116353 -0.135296 -0.381777
78.2685 0.115444 -0.15002 -0.377448
78.307 0.11486 -0.164455 -0.372711
78.3453 0.114444 -0.178628 -0.367567
78.3834 0.114123 -0.192545 -0.362019
78.4215 0.113861 -0.206205 -0.356073
78.4594 0.11364 -0.2196 -0.349734
78.4973 0.113449 -0.232722 -0.343011
78.5351 0.11328 -0.24556 -0.335911
78.5729 0.113131 -0.258105 -0.328441
78.6106 0.112996 -0.270344 -0.32061
78.6482 0.112873 -0.282266 -0.312427
78.6859 0.112762 -0.293862 -0.303902
78.7235 0.112659 -0.305119 -0.295042
78.761 0.112564 -0.316028 -0.285858
78.7985 0.112475 -0.326576 -0.276361
78.836 0.112393 -0.336755 -0.266561
78.8735 0.112315 -0.346553 -0.256468
78.9109 0.112242 -0.355961 -0.246093
78.9483 0.112173 -0.36497 -0.235448
78.9857 0.112107 -0.373571 -0.224545
79.0231 0.112044 -0.381755 -0.213396
79.0604 0.111985 -0.389513 -0.202012
79.0978 0.111927 -0.396837 -0.190406
79.1351 0.111872 -0.403721 -0.178591
79.1724 0.111819 -0.410158 -0.16658
79.2096 0.111767 -0.41614 -0.154385
79.2469 0.111717 -0.421662 -0.14202
79.2841 0.111668 -0.426718 -0.1295
79.3214 0.111621 -0.431303 -0.116836
79.3586 0.111574 -0.435413 -0.104044
79.3958 0.111528 -0.439042 -0.0911362
79.4329 0.111484 -0.442189 -0.0781281
79.4701 0.11144 -0.444849 -0.0650334
79.5072 0.111396 -0.447021 -0.0518663
79.5444 0.111353 -0.448701 -0.0386415
79.5815 0.11131 -0.449889 -0.0253732
79.6186 0.111268 -0.450584 -0.012076
79.6557 0.11123 -0.450785 0.00123558
79.6928 0.111238 -0.450493 0.0145474
79.7298 0.111265 -0.449706 0.0278505
79.7669 0.111299 -0.448427 0.0411325
79.804 0.111337 -0.446655 0.0543796
79.8411 0.111376 -0.444392 0.0675775
79.8783 0.111416 -0.441639 0.0807119
79.9154 0.111456 -0.438399 0.0937681
79.9526 0.111498 -0.434674 0.106732
79.9897 0.11154 -0.430468 0.119588
80.0269 0.111583 -0.425784 0.132324
80.0641 0.111627 -0.420628 0.144923
80.1013 0.111672 -0.415003 0.157373
80.1385 0.111719 -0.408916 0.169659
80.1758 0.111767 -0.402372 0.181768
80.213 0.111817 -0.395377 0.193685
80.2503 0.111868 -0.387939 0.205397
80.2876 0.111922 -0.380065 0.21689
80.3249 0.111977 -0.371763 0.228153
80.3622 0.112036 -0.36304 0.23917
80.3996 0.112097 -0.353907 0.249931
80.4369 0.112162 -0.344371 0.260422
80.4743 0.11223 -0.334443 0.270631
80.5117 0.112302 -0.324132 0.280547
80.5492 0.112379 -0.313449 0.290157
80.5866 0.112462 -0.302405 0.29945
80.6241 0.112551 -0.29101 0.308416
80.6616 0.112647 -0.279276 0.317042
80.6992 0.112751 -0.267215 0.32532
80.7368 0.112865 -0.254839 0.333239
80.7744 0.112991 -0.242158 0.340789
80.812 0.11313 -0.229187 0.34796
80.8498 0.113286 -0.215936 0.354744
80.8875 0.113462 -0.202418 0.361131
80.9253 0.113662 -0.188645 0.367115
80.9632 0.113893 -0.17463 0.372685
81.0012 0.114163 -0.160382 0.377835
81.0392 0.114485 -0.145912 0.382556
81.0774 0.114874 -0.13123 0.386843
81.1157 0.115357 -0.116342 0.390687
81.1542 0.115976 -0.101252 0.394081
81.1928 0.116799 -0.0859595 0.397018
81.2317 0.117955 -0.0704527 0.399491
81.2711 0.119711 -0.0547044 0.40149
81.311 0.122738 -0.0386515 0.403004
81.3519 0.129412 -0.022141 0.404016
81.395 0.164028 -0.00470041 0.404487
81.4497 0.148778 0.017412 0.404204
81.4993 0.134984 0.0374335 0.403096
81.5443 0.126791 0.0555347 0.401391
81.5865 0.122098 0.0724543 0.399185
81.6272 0.119339 0.0886482 0.396509
81.667 0.117634 0.104361 0.393375
81.7062 0.116515 0.119717 0.389787
81.7451 0.115733 0.134778 0.385748
81.7836 0.115156 0.149575 0.381263
81.822 0.114709 0.164116 0.376338
81.8603 0.11435 0.178405 0.370979
81.8984 0.114054 0.192437 0.365192
81.9364 0.113804 0.206204 0.358985
81.9743 0.113588 0.219698 0.352365
82.0122 0.1134 0.232907 0.345339
82.05 0.113234 0.245822 0.337917
82.0877 0.113086 0.258431 0.330108
82.1254 0.112952 0.270721 0.321919
82.1631 0.112831 0.282682 0.313361
82.2007 0.11272 0.294301 0.304445
82.2383 0.112619 0.305567 0.295179
82.2758 0.112524 0.316468 0.285576
82.3133 0.112437 0.326995 0.275645
82.3508 0.112355 0.337134 0.265399
82.3883 0.112278 0.346877 0.254848
82.4257 0.112205 0.356213 0.244006
82.4631 0.112137 0.365132 0.232885
82.5005 0.112071 0.373625 0.221497
82.5378 0.112009 0.381683 0.209856
82.5752 0.111949 0.389297 0.197974
82.6125 0.111892 0.39646 0.185865
82.6498 0.111837 0.403163 0.173543
82.687 0.111784 0.4094 0.161023
82.7243 0.111732 0.415164 0.148318
82.7616 0.111682 0.420448 0.135443
82.7988 0.111634 0.425248 0.122412
82.836 0.111586 0.429559 0.109241
82.8732 0.111539 0.433375 0.0959444
82.9104 0.111493 0.436693 0.0825374
82.9475 0.111448 0.43951 0.0690354
82.9847 0.111404 0.441823 0.0554537
83.0218 0.11136 0.443629 0.0418079
83.0589 0.111316 0.444927 0.0281136
83.096 0.111273 0.445715 0.0143863
83.1331 0.11123 0.445994 0.000641784
83.1702 0.111236 0.445763 -0.0131043
83.2073 0.111263 0.445022 -0.0268422
83.2444 0.111299 0.443772 -0.0405588
83.2815 0.111339 0.442014 -0.0542396
83.3186 0.111381 0.439748 -0.0678692
83.3557 0.111424 0.436976 -0.081432
83.3929 0.111467 0.433701 -0.0949125
83.43 0.111512 0.429925 -0.108295
83.4672 0.111557 0.425653 -0.121564
83.5044 0.111603 0.420888 -0.134704
83.5416 0.111651 0.415634 -0.1477
83.5788 0.111699 0.409898 -0.160536
83.616 0.11175 0.403684 -0.173197
83.6533 0.111801 0.397 -0.185669
83.6905 0.111855 0.389851 -0.197937
83.7278 0.11191 0.382246 -0.209985
83.7651 0.111968 0.374191 -0.221801
83.8024 0.112029 0.365697 -0.233369
83.8398 0.112092 0.35677 -0.244676
83.8772 0.112159 0.347421 -0.255708
83.9145 0.112229 0.337659 -0.266451
83.9519 0.112304 0.327495 -0.276894
83.9894 0.112383 0.316939 -0.287022
84.0268 0.112468 0.306002 -0.296824
84.0643 0.11256 0.294696 -0.306287
84.1019 0.112658 0.283032 -0.3154
84.1394 0.112765 0.271022 -0.324151
84.177 0.112882 0.258679 -0.332529
84.2146 0.11301 0.246015 -0.340524
84.2523 0.113152 0.233043 -0.348124
84.29 0.113311 0.219776 -0.35532
84.3278 0.113489 0.206226 -0.362103
84.3656 0.113693 0.192406 -0.368462
84.4035 0.113927 0.178329 -0.37439
84.4415 0.1142 0.164005 -0.379878
84.4795 0.114524 0.149447 -0.384917
84.5177 0.114916 0.134664 -0.389499
84.556 0.115401 0.119664 -0.393616
84.5945 0.116019 0.104451 -0.397262
84.6332 0.116838 0.0890249 -0.400428
84.6721 0.11798 0.073376 -0.403105
84.7114 0.119699 0.0574786 -0.405284
84.7513 0.122613 0.0412728 -0.406953
84.7922 0.128821 0.0246149 -0.408094
84.8352 0.155596 0.00707655 -0.408671
84.887 0.147314 -0.0141193 -0.408516
84.9361 0.134776 -0.0341581 -0.40751
84.981 0.126844 -0.0524311 -0.405857
85.0233 0.122178 -0.0695471 -0.403665
85.0641 0.119396 -0.0859339 -0.400973
85.1039 0.117664 -0.101831 -0.397794
85.1431 0.116523 -0.117363 -0.394135
85.1819 0.115726 -0.132592 -0.390001
85.2205 0.115139 -0.14755 -0.385397
85.2589 0.114686 -0.162245 -0.38033
85.2971 0.114324 -0.176681 -0.374805
85.3352 0.114025 -0.190851 -0.36883
85.3732 0.113773 -0.20475 -0.362413
85.4111 0.113557 -0.218365 -0.355562
85.449 0.113368 -0.231688 -0.348285
85.4868 0.113202 -0.244705 -0.340592
85.5245 0.113054 -0.257406 -0.332492
85.5622 0.11292 -0.269776 -0.323995
85.5998 0.112799 -0.281806 -0.315111
85.6374 0.112689 -0.293481 -0.305851
85.675 0.112587 -0.30479 -0.296226
85.7125 0.112494 -0.315721 -0.286248
85.75 0.112406 -0.326262 -0.275929
85.7875 0.112325 -0.336402 -0.265281
85.8249 0.112248 -0.346131 -0.254318
85.8624 0.112176 -0.355436 -0.243051
85.8997 0.112107 -0.364309 -0.231494
85.9371 0.112042 -0.37274 -0.219662
85.9745 0.11198 -0.380719 -0.207568
86.0118 0.111921 -0.388237 -0.195227
86.0491 0.111864 -0.395286 -0.182653
86.0864 0.111809 -0.401859 -0.169862
86.1237 0.111756 -0.407949 -0.156868
86.1609 0.111704 -0.413547 -0.143688
86.1981 0.111654 -0.418649 -0.130336
86.2354 0.111605 -0.423249 -0.116828
86.2726 0.111557 -0.427342 -0.103181
86.3097 0.111511 -0.430923 -0.0894113
86.3469 0.111465 -0.433989 -0.0755345
86.3841 0.111419 -0.436536 -0.0615674
86.4212 0.111375 -0.438562 -0.0475266
86.4583 0.11133 -0.440065 -0.0334287
86.4954 0.111286 -0.441044 -0.0192906
86.5325 0.111243 -0.441497 -0.00512905
86.5696 0.111233 -0.441424 0.00903912
86.6067 0.111256 -0.440826 0.0232013
86.6438 0.111292 -0.439704 0.0373449
86.6809 0.111333 -0.438056 0.0514546
86.718 0.111378 -0.435886 0.0655142
86.7551 0.111423 -0.433193 0.0795071
86.7923 0.11147 -0.429982 0.0934166
86.8294 0.111517 -0.426254 0.107226
86.8666 0.111565 -0.422013 0.120918
86.9038 0.111615 -0.417264 0.134477
86.941 0.111665 -0.412011 0.147887
86.9782 0.111717 -0.406259 0.161129
87.0154 0.111771 -0.400015 0.17419
87.0527 0.111826 -0.393285 0.187052
87.09 0.111883 -0.386076 0.199699
87.1273 0.111943 -0.378396 0.212117
87.1646 0.112005 -0.370253 0.224289
87.2019 0.112069 -0.361656 0.236201
87.2393 0.112138 -0.352614 0.247837
87.2767 0.112209 -0.343137 0.259183
87.3141 0.112285 -0.333235 0.270226
87.3515 0.112365 -0.32292 0.28095
87.3889 0.112451 -0.312201 0.291342
87.4264 0.112543 -0.301091 0.301389
87.4639 0.112642 -0.289602 0.311077
87.5015 0.112749 -0.277745 0.320395
87.5391 0.112866 -0.265535 0.32933
87.5767 0.112994 -0.252983 0.337871
87.6144 0.113135 -0.240102 0.346005
87.6521 0.113292 -0.226907 0.353721
87.6898 0.113468 -0.21341 0.361011
87.7277 0.113668 -0.199625 0.367862
87.7655 0.113896 -0.185564 0.374265
87.8035 0.114162 -0.17124 0.38021
87.8416 0.114475 -0.156666 0.38569
87.8797 0.11485 -0.141852 0.390694
87.918 0.11531 -0.126807 0.395214
87.9564 0.115891 -0.111537 0.399242
87.9951 0.116647 -0.0960441 0.40277
88.034 0.117682 -0.080323 0.405787
88.0732 0.119191 -0.0643543 0.408286
88.1129 0.121627 -0.0480919 0.410254
88.1535 0.126315 -0.0314285 0.411675
88.1956 0.140123 -0.0140749 0.412519
88.2423 0.154432 0.00520038 0.412702
88.2937 0.139102 0.0264309 0.411983
88.3401 0.129158 0.0455024 0.410511
88.3832 0.123413 0.0631339 0.408444
88.4243 0.120073 0.079885 0.405844
88.4643 0.118049 0.0960681 0.402729
88.5037 0.116751 0.111846 0.39911
88.5426 0.115867 0.1273 0.39499
88.5812 0.115228 0.142468 0.390377
88.6196 0.114744 0.157365 0.385275
88.6579 0.114361 0.171996 0.379692
88.696 0.114048 0.186356 0.373635
88.734 0.113786 0.200438 0.367113
88.7719 0.113563 0.214231 0.360133
88.8098 0.113369 0.227725 0.352706
88.8476 0.113199 0.240906 0.34484
88.8853 0.113048 0.253763 0.336547
88.923 0.112912 0.266282 0.327836
88.9606 0.11279 0.278451 0.318718
88.9982 0.112678 0.290256 0.309206
89.0358 0.112575 0.301685 0.29931
89.0733 0.11248 0.312725 0.289044
89.1108 0.112392 0.323364 0.278421
89.1483 0.11231 0.33359 0.267452
89.1857 0.112233 0.343392 0.256153
89.2231 0.11216 0.352759 0.244537
89.2605 0.112091 0.36168 0.232619
89.2979 0.112026 0.370144 0.220413
89.3352 0.111964 0.378143 0.207934
89.3725 0.111904 0.385666 0.195199
89.4098 0.111847 0.392706 0.182222
89.4471 0.111792 0.399254 0.169019
89.4844 0.111738 0.405303 0.155608
89.5216 0.111687 0.410846 0.142005
89.5589 0.111636 0.415877 0.128225
89.5961 0.111587 0.42039 0.114288
89.6333 0.111539 0.424379 0.100208
89.6704 0.111493 0.427841 0.0860052
89.7076 0.111446 0.430772 0.0716955
89.7448 0.111401 0.433168 0.0572971
89.7819 0.111356 0.435027 0.0428277
89.819 0.111311 0.436348 0.0283052
89.8561 0.111267 0.437128 0.0137475
89.8932 0.111226 0.437368 -0.000827431
89.9303 0.111238 0.437067 -0.015402
89.9674 0.111272 0.436225 -0.0299651
90.0045 0.111314 0.434844 -0.0445016
90.0416 0.11136 0.432924 -0.0589944
90.0787 0.111408 0.430466 -0.073426
90.1158 0.111457 0.427473 -0.0877786
90.153 0.111507 0.423946 -0.102034
90.1901 0.111558 0.41989 -0.116175
90.2273 0.11161 0.415309 -0.130184
90.2645 0.111664 0.410208 -0.144042
90.3017 0.111719 0.404591 -0.157732
90.339 0.111775 0.398465 -0.171237
90.3762 0.111834 0.391836 -0.18454
90.4135 0.111894 0.384713 -0.197624
90.4508 0.111957 0.377101 -0.210472
90.4881 0.112022 0.369011 -0.223067
90.5255 0.11209 0.36045 -0.235393
90.5628 0.112162 0.351429 -0.247435
90.6002 0.112238 0.341958 -0.259176
90.6376 0.112318 0.332047 -0.270601
90.6751 0.112403 0.321707 -0.281696
90.7125 0.112494 0.31095 -0.292445
90.75 0.112591 0.299788 -0.302834
90.7876 0.112696 0.288233 -0.31285
90.8251 0.112809 0.276299 -0.322478
90.8627 0.112933 0.263998 -0.331706
90.9004 0.113069 0.251344 -0.340522
90.9381 0.113219 0.23835 -0.348912
90.9758 0.113386 0.225031 -0.356865
91.0136 0.113574 0.2114 -0.36437
91.0515 0.113788 0.19747 -0.371415
91.0894 0.114034 0.183257 -0.377991
91.1274 0.114321 0.168771 -0.384087
91.1655 0.11466 0.154026 -0.389692
91.2037 0.11507 0.139033 -0.394799
91.2421 0.115576 0.1238 -0.399397
91.2806 0.11622 0.108333 -0.403478
91.3194 0.117072 0.0926311 -0.407032
91.3584 0.118256 0.0766864 -0.41005
91.3978 0.12003 0.0604723 -0.41252
91.4378 0.12302 0.0439272 -0.414429
91.4788 0.129314 0.0269035 -0.415757
91.5219 0.155235 0.00896467 -0.416465
91.5737 0.145954 -0.0125875 -0.416379
91.6223 0.133666 -0.0328239 -0.415367
91.6669 0.126071 -0.0512953 -0.41365
91.7089 0.121637 -0.0686321 -0.411339
91.7494 0.118997 -0.0852542 -0.408477
91.7891 0.117351 -0.101391 -0.40508
91.8282 0.116265 -0.117162 -0.401156
91.867 0.115505 -0.132624 -0.39671
91.9055 0.114944 -0.147805 -0.391749
91.9438 0.11451 -0.162711 -0.386281
91.982 0.114163 -0.177343 -0.380313
92.02 0.113876 -0.191694 -0.373852
92.058 0.113634 -0.205755 -0.36691
92.0959 0.113427 -0.219514 -0.359493
92.1337 0.113246 -0.232959 -0.351614
92.1714 0.113086 -0.246076 -0.343282
92.2091 0.112943 -0.258852 -0.334508
92.2468 0.112815 -0.271274 -0.325305
92.2844 0.112699 -0.283327 -0.315683
92.3219 0.112592 -0.294999 -0.305656
92.3595 0.112494 -0.306276 -0.295237
92.397 0.112404 -0.317146 -0.28444
92.4344 0.112319 -0.327595 -0.273277
92.4719 0.11224 -0.337612 -0.261764
92.5093 0.112166 -0.347185 -0.249915
92.5467 0.112096 -0.356303 -0.237747
92.584 0.11203 -0.364954 -0.225273
92.6214 0.111966 -0.373129 -0.212511
92.6587 0.111906 -0.380818 -0.199477
92.696 0.111848 -0.388012 -0.186188
92.7333 0.111792 -0.394702 -0.17266
92.7706 0.111738 -0.40088 -0.158911
92.8078 0.111686 -0.40654 -0.144958
92.845 0.111635 -0.411674 -0.13082
92.8822 0.111586 -0.416276 -0.116514
92.9194 0.111537 -0.420342 -0.10206
92.9566 0.11149 -0.423865 -0.0874744
92.9938 0.111443 -0.426843 -0.072777
93.0309 0.111398 -0.429273 -0.0579866
93.0681 0.111352 -0.43115 -0.0431218
93.1052 0.111307 -0.432474 -0.0282019
93.1423 0.111263 -0.433243 -0.013246
93.1794 0.111225 -0.433456 0.00172698
93.2164 0.11124 -0.433115 0.0166986
93.2535 0.111277 -0.432218 0.0316568
93.2906 0.111323 -0.430767 0.0465853
93.3277 0.111372 -0.428762 0.061466
93.3648 0.111423 -0.426205 0.0762801
93.402 0.111475 -0.423098 0.0910087
93.4391 0.111529 -0.419444 0.105633
93.4763 0.111583 -0.415247 0.120133
93.5135 0.111639 -0.410511 0.134491
93.5507 0.111696 -0.405242 0.148688
93.588 0.111755 -0.399444 0.162705
93.6252 0.111816 -0.393125 0.176524
93.6625 0.111879 -0.386291 0.190126
93.6998 0.111944 -0.378951 0.203494
93.7371 0.112011 -0.371112 0.216609
93.7744 0.112082 -0.362784 0.229454
93.8118 0.112156 -0.353976 0.242013
93.8492 0.112234 -0.344698 0.254267
93.8866 0.112317 -0.334961 0.266202
93.924 0.112404 -0.324777 0.277799
93.9615 0.112497 -0.314156 0.289044
93.999 0.112597 -0.303112 0.299921
94.0365 0.112704 -0.291657 0.310415
94.0741 0.11282 -0.279805 0.320511
94.1117 0.112947 -0.267568 0.330196
94.1493 0.113085 -0.254961 0.339455
94.187 0.113238 -0.241997 0.348275
94.2248 0.113408 -0.228692 0.356644
94.2626 0.1136 -0.215059 0.364549
94.3005 0.113817 -0.201112 0.371978
94.3384 0.114065 -0.186866 0.37892
94.3764 0.114355 -0.172335 0.385363
94.4145 0.114697 -0.157531 0.391298
94.4528 0.115109 -0.142465 0.396714
94.4911 0.115616 -0.127148 0.4016
94.5297 0.116259 -0.111585 0.405948
94.5684 0.117105 -0.0957781 0.409747
94.6075 0.118274 -0.0797184 0.412987
94.6469 0.120008 -0.063382 0.415657
94.6869 0.122887 -0.0467107 0.417741
94.7279 0.128757 -0.0295665 0.419221
94.7708 0.149942 -0.0115534 0.420057
94.8208 0.145924 0.00944669 0.420107
94.8694 0.133868 0.0298629 0.4192
94.914 0.126203 0.0485346 0.41754
94.9561 0.121697 0.0660539 0.415252
94.9966 0.119009 0.0828428 0.412384
95.0363 0.117336 0.0991359 0.408954
95.0754 0.116234 0.115055 0.404972
95.1142 0.115465 0.13066 0.400446
95.1527 0.1149 0.145976 0.395381
95.191 0.114465 0.161014 0.389786
95.2291 0.114117 0.175771 0.383669
95.2672 0.113831 0.190241 0.377038
95.3051 0.11359 0.204414 0.369904
95.343 0.113383 0.218277 0.362275
95.3808 0.113203 0.231817 0.354164
95.4185 0.113045 0.245021 0.345582
95.4562 0.112904 0.257874 0.336539
95.4938 0.112777 0.270362 0.327049
95.5314 0.112661 0.282471 0.317124
95.569 0.112556 0.294188 0.306778
95.6065 0.112459 0.305497 0.296024
95.644 0.112369 0.316386 0.284878
95.6814 0.112286 0.326842 0.273354
95.7188 0.112208 0.336852 0.261467
95.7562 0.112134 0.346404 0.249234
95.7936 0.112065 0.355486 0.236671
95.831 0.111999 0.364087 0.223793
95.8683 0.111937 0.372197 0.21062
95.9056 0.111877 0.379806 0.197167
95.9429 0.111819 0.386904 0.183454
95.9802 0.111764 0.393482 0.169497
96.0174 0.111711 0.399533 0.155316
96.0547 0.111659 0.405049 0.14093
96.0919 0.111608 0.410024 0.126357
96.1291 0.111559 0.414451 0.111617
96.1663 0.111511 0.418326 0.0967296
96.2035 0.111464 0.421642 0.0817141
96.2406 0.111418 0.424398 0.0665906
96.2778 0.111372 0.426589 0.0513791
96.3149 0.111327 0.428213 0.0360998
96.352 0.111282 0.429268 0.0207729
96.3891 0.111238 0.429754 0.00541877
96.4262 0.111231 0.42967 -0.00994233
96.4632 0.111261 0.429017 -0.0252953
96.5003 0.111306 0.427794 -0.0406247
96.5374 0.111356 0.426003 -0.0559122
96.5745 0.11141 0.423645 -0.0711382
96.6117 0.111465 0.420722 -0.0862826
96.6488 0.111521 0.417236 -0.101325
96.686 0.111579 0.413191 -0.116246
96.7232 0.111638 0.408593 -0.131025
96.7604 0.111698 0.403444 -0.145642
96.7977 0.11176 0.397752 -0.160077
96.8349 0.111824 0.391523 -0.17431
96.8722 0.11189 0.384764 -0.188323
96.9095 0.111958 0.377482 -0.202096
96.9468 0.11203 0.369687 -0.21561
96.9841 0.112104 0.361388 -0.228846
97.0215 0.112182 0.352593 -0.241786
97.0589 0.112264 0.343315 -0.254413
97.0963 0.112351 0.333563 -0.266708
97.1338 0.112444 0.32335 -0.278654
97.1713 0.112542 0.312687 -0.290234
97.2088 0.112647 0.301588 -0.301433
97.2463 0.112761 0.290066 -0.312233
97.2839 0.112884 0.278133 -0.322619
97.3215 0.113018 0.265805 -0.332577
97.3592 0.113165 0.253095 -0.342091
97.3969 0.113327 0.240019 -0.351148
97.4347 0.113509 0.22659 -0.359734
97.4725 0.113713 0.212824 -0.367835
97.5104 0.113946 0.198736 -0.375439
97.5484 0.114214 0.18434 -0.382535
97.5865 0.114526 0.169649 -0.389109
97.6247 0.114898 0.154678 -0.395152
97.663 0.115348 0.139437 -0.400651
97.7014 0.115907 0.123935 -0.405597
97.7401 0.116622 0.108178 -0.409979
97.7789 0.117577 0.0921643 -0.413786
97.8181 0.118921 0.075882 -0.417006
97.8578 0.120976 0.0592976 -0.419628
97.8981 0.124563 0.0423332 -0.421634
97.9396 0.132735 0.0247957 -0.422998
97.9839 0.19074 0.00606233 -0.423667
98.0474 0.149091 -0.0208687 -0.423206
98.0971 0.132271 -0.041867 -0.421677
98.1412 0.124257 -0.0604131 -0.419464
98.1826 0.120128 -0.0777311 -0.416656
98.2227 0.117838 -0.0943494 -0.413272
98.262 0.116465 -0.110507 -0.409319
98.3008 0.115572 -0.126312 -0.404801
98.3393 0.114947 -0.14181 -0.399724
98.3776 0.114482 -0.15702 -0.394092
98.4158 0.114118 -0.171943 -0.387916
98.4538 0.113822 -0.186573 -0.381204
98.4918 0.113576 -0.2009 -0.373965
98.5296 0.113366 -0.214913 -0.366211
98.5674 0.113184 -0.228597 -0.357953
98.6051 0.113024 -0.241939 -0.349202
98.6428 0.112882 -0.254922 -0.339971
98.6804 0.112754 -0.267533 -0.330273
98.718 0.112639 -0.279757 -0.320121
98.7556 0.112534 -0.291579 -0.309531
98.7931 0.112437 -0.302985 -0.298516
98.8306 0.112347 -0.31396 -0.287092
98.868 0.112264 -0.324491 -0.275274
98.9054 0.112186 -0.334566 -0.26308
98.9428 0.112113 -0.34417 -0.250525
98.9802 0.112044 -0.353292 -0.237628
99.0175 0.111979 -0.361921 -0.224405
99.0549 0.111916 -0.370046 -0.210876
99.0922 0.111857 -0.377656 -0.197058
99.1295 0.1118 -0.384741 -0.182971
99.1667 0.111745 -0.391294 -0.168633
99.204 0.111692 -0.397304 -0.154066
99.2412 0.11164 -0.402766 -0.139288
99.2784 0.11159 -0.407671 -0.124319
99.3156 0.111541 -0.412015 -0.109181
99.3528 0.111493 -0.41579 -0.0938942
99.39 0.111446 -0.418994 -0.0784791
99.4271 0.1114 -0.421621 -0.0629571
99.4642 0.111355 -0.423669 -0.0473494
99.5014 0.11131 -0.425136 -0.0316774
99.5385 0.111265 -0.42602 -0.0159624
99.5756 0.11122 -0.42632 -0.000226092
99.6126 0.111236 -0.426037 0.0155101
99.6497 0.111277 -0.42517 0.0312332
99.6868 0.111327 -0.423721 0.046925
99.7239 0.111383 -0.421689 0.0625654
99.761 0.11144 -0.419077 0.0781334
99.7982 0.111499 -0.415886 0.0936078
99.8353 0.11156 -0.412122 0.108967
99.8725 0.111621 -0.407786 0.12419
99.9097 0.111685 -0.402884 0.139255
99.947 0.111749 -0.397422 0.154142
99.9842 0.111816 -0.391406 0.168829
